0 -2.54637e-11
1 0.000457735
2 0.000452228
3 0.000449542
4 0.00044089
5 0.000444521
6 0.000438468
7 0.000438176
8 0.000427321
9 0.000413827
10 0.000396874
11 0.000379051
12 0.000356401
13 0.000329131
14 0.000302824
15 0.00027275
16 0.000239144
17 0.000207211
18 0.000172719
19 0.000133793
20 9.57929e-05
21 5.58182e-05
22 9.81978e-06
23 -3.51004e-05
24 -7.95614e-05
25 -0.000124032
26 -0.000167031
27 -0.000209182
28 -0.000252461
29 -0.00029552
30 -0.000338633
31 -0.000382101
32 -0.00042567
33 -0.000469013
34 -0.0005119
35 -0.000553834
36 -0.000594844
37 -0.00063453
38 -0.000672621
39 -0.000709383
40 -0.000745974
41 -0.000782468
42 -0.000819012
43 -0.000855876
44 -0.000892723
45 -0.000928805
46 -0.000964336
47 -0.000999306
48 -0.00103244
49 -0.00106356
50 -0.00109187
51 -0.00111771
52 -0.00114224
53 -0.00116595
54 -0.00118905
55 -0.00121204
56 -0.00123444
57 -0.00125534
58 -0.00127475
59 -0.00129262
60 -0.00130633
61 -0.00131989
62 -0.00133459
63 -0.0013467
64 -0.00135762
65 -0.00136761
66 -0.00137716
67 -0.00138645
68 -0.00139281
69 -0.00140397
70 -0.00142002
71 -0.00143321
72 -0.00144841
73 -0.0014663
74 -0.00148116
75 -0.00151018
76 -0.00153748
77 -0.00157186
78 -0.00160979
79 -0.00164614
80 -0.00169205
81 -0.00174112
82 -0.00179129
83 -0.00183679
84 -0.00189542
85 -0.0019477
86 -0.00198766
87 -0.00203082
88 -0.00207383
89 -0.00210288
90 -0.0021245
91 -0.00213725
92 -0.00213966
93 -0.00212795
94 -0.00212033
95 -0.00209341
96 -0.0020571
97 -0.00200934
98 -0.00196042
99 -0.00190167
100 -0.00185195
101 -0.00178702
102 -0.00172963
103 -0.00166725
104 -0.00160453
105 -0.00154936
106 -0.00150071
107 -0.00146014
108 -0.00143105
109 -0.00141255
110 -0.00139412
111 -0.0013968
112 -0.00139444
113 -0.0013973
114 -0.00139905
115 -0.00141133
116 -0.00141259
117 -0.00141957
118 -0.00142094
119 -0.00142614
120 -0.00143384
121 -0.00144863
122 -0.00145739
123 -0.00146848
124 -0.00146568
125 -0.00145522
126 -0.00144207
127 -0.00143353
128 -0.00143314
129 -0.00144011
130 -0.00145203
131 -0.00146061
132 -0.00145744
133 -0.00143504
134 -0.00139094
135 -0.00132952
136 -0.00126282
137 -0.00120501
138 -0.0011688
139 -0.00116019
140 -0.00117738
141 -0.00121101
142 -0.00124829
143 -0.00127492
144 -0.00128129
145 -0.00126199
146 -0.00121847
147 -0.00115651
148 -0.00108398
149 -0.00100859
150 -0.000934202
151 -0.000862564
152 -0.000790159
153 -0.000711623
154 -0.000622045
155 -0.000518465
156 -0.000402988
157 -0.0002832
158 -0.000171086
159 -7.94787e-05
160 -1.77504e-05
161 1.16773e-05
162 1.3535e-05
163 -3.0936e-06
164 -2.82189e-05
165 -5.53436e-05
166 -8.43975e-05
167 -0.000122058
168 -0.000179232
169 -0.000266417
170 -0.000388435
171 -0.000541404
172 -0.000712219
173 -0.000881513
174 -0.0010288
175 -0.00113833
176 -0.0012037
177 -0.00122973
178 -0.00123072
179 -0.00122561
180 -0.0012317
181 -0.00126061
182 -0.00131293
183 -0.00138196
184 -0.00145414
185 -0.00151222
186 -0.00153869
187 -0.00151936
188 -0.00144424
189 -0.00131185
190 -0.00113005
191 -0.000914668
192 -0.000689945
193 -0.00048546
194 -0.00033047
195 -0.000247716
196 -0.000247083
197 -0.000320026
198 -0.000441085
199 -0.000576511
200 -0.000696959
201 -0.000788689
202 -0.000857496
203 -0.000923979
204 -0.0010125
205 -0.0011392
206 -0.00130343
207 -0.00148664
208 -0.00165634
209 -0.00177601
210 -0.00181678
211 -0.00176693
212 -0.00163665
213 -0.00145629
214 -0.00126807
215 -0.00111379
216 -0.00102333
217 -0.00100864
218 -0.00106484
219 -0.00117645
220 -0.00132485
221 -0.00149353
222 -0.00167025
223 -0.00184657
224 -0.00201598
225 -0.00217245
226 -0.00231025
227 -0.00242498
228 -0.00251471
229 -0.0025803
230 -0.00262478
231 -0.00265213
232 -0.00266598
233 -0.00266852
234 -0.00265981
235 -0.00263747
236 -0.0025977
237 -0.00253756
238 -0.00245806
239 -0.00236582
240 -0.00227327
241 -0.00219642
242 -0.00215132
243 -0.00215072
244 -0.00220078
245 -0.00229939
246 -0.00243541
247 -0.00258879
248 -0.00273227
249 -0.0028356
250 -0.00287093
251 -0.00281896
252 -0.00267368
253 -0.00244356
254 -0.00214912
255 -0.00181834
256 -0.00148104
257 -0.00116441
258 -0.000889812
259 -0.000670925
260 -0.00051275
261 -0.000412428
262 -0.000361061
263 -0.00034623
264 -0.000354326
265 -0.000373248
266 -0.000393843
267 -0.000409637
268 -0.000417148
269 -0.000415092
270 -0.000404214
271 -0.000386892
272 -0.000365989
273 -0.000343371
274 -0.000317575
275 -0.000282348
276 -0.00022647
277 -0.000135879
278 2.49675e-06
279 0.000196936
280 0.000447432
281 0.000745095
282 0.00107292
283 0.0014075
284 0.00172225
285 0.00199128
286 0.00219495
287 0.00232462
288 0.00238351
289 0.00238434
290 0.00234276
291 0.00227192
292 0.00217955
293 0.0020675
294 0.00193422
295 0.00177708
296 0.00159421
297 0.00138666
298 0.00116096
299 0.000929071
300 0.000706792
301 0.000508689
302 0.000343826
303 0.000212198
304 0.000103651
305 3.34014e-07
306 -0.000117991
307 -0.000269564
308 -0.000468193
309 -0.000722661
310 -0.00103694
311 -0.00141076
312 -0.00183724
313 -0.00230154
314 -0.00278059
315 -0.00324357
316 -0.00365644
317 -0.00398921
318 -0.00422218
319 -0.00435079
320 -0.00438644
321 -0.00435461
322 -0.00429077
323 -0.00423452
324 -0.00422219
325 -0.00427968
326 -0.00441731
327 -0.00462471
328 -0.00487709
329 -0.00514038
330 -0.00538129
331 -0.00557727
332 -0.00572277
333 -0.00582953
334 -0.00592313
335 -0.00603578
336 -0.00619471
337 -0.0064193
338 -0.00671523
339 -0.00707702
340 -0.00749126
341 -0.00794215
342 -0.0084181
343 -0.00891424
344 -0.00943064
345 -0.00996805
346 -0.0105213
347 -0.0110754
348 -0.0116043
349 -0.0120743
350 -0.0124527
351 -0.0127173
352 -0.0128627
353 -0.0129022
354 -0.012864
355 -0.0127874
356 -0.0127113
357 -0.0126678
358 -0.0126772
359 -0.0127449
360 -0.0128604
361 -0.0129985
362 -0.0131242
363 -0.0131974
364 -0.013184
365 -0.0130633
366 -0.0128314
367 -0.0124997
368 -0.0120853
369 -0.0116003
370 -0.0110462
371 -0.0104189
372 -0.00972324
373 -0.00898353
374 -0.00825059
375 -0.00759598
376 -0.0070983
377 -0.00682656
378 -0.00682572
379 -0.00710828
380 -0.00765216
381 -0.0084043
382 -0.00929047
383 -0.0102263
384 -0.0111303
385 -0.011935
386 -0.012596
387 -0.0130943
388 -0.0134357
389 -0.0136437
390 -0.0137499
391 -0.0137859
392 -0.0137797
393 -0.0137574
394 -0.0137459
395 -0.0137739
396 -0.013867
397 -0.0140402
398 -0.014289
399 -0.014586
400 -0.0148855
401 -0.0151346
402 -0.0152862
403 -0.0153112
404 -0.0152047
405 -0.0149852
406 -0.014688
407 -0.0143561
408 -0.014033
409 -0.0137572
410 -0.0135606
411 -0.013468
412 -0.0134962
413 -0.0136523
414 -0.0139326
415 -0.0143212
416 -0.014791
417 -0.0153061
418 -0.0158249
419 -0.0163046
420 -0.0167047
421 -0.016991
422 -0.0171389
423 -0.0171345
424 -0.0169743
425 -0.0166646
426 -0.0162179
427 -0.0156532
428 -0.0149956
429 -0.0142747
430 -0.0135243
431 -0.0127818
432 -0.0120849
433 -0.0114715
434 -0.0109754
435 -0.0106227
436 -0.0104269
437 -0.0103858
438 -0.0104803
439 -0.0106748
440 -0.0109215
441 -0.0111666
442 -0.0113588
443 -0.0114521
444 -0.0114149
445 -0.0112332
446 -0.0109091
447 -0.0104624
448 -0.00992511
449 -0.00934048
450 -0.00875585
451 -0.00821846
452 -0.00777024
453 -0.00744509
454 -0.00726727
455 -0.00725136
456 -0.0074033
457 -0.0077208
458 -0.00819327
459 -0.00880091
460 -0.00951661
461 -0.0103075
462 -0.0111374
463 -0.0119697
464 -0.0127727
465 -0.0135185
466 -0.0141896
467 -0.0147784
468 -0.0152863
469 -0.0157223
470 -0.0160987
471 -0.0164317
472 -0.0167345
473 -0.0170183
474 -0.0172895
475 -0.0175515
476 -0.017804
477 -0.0180456
478 -0.0182763
479 -0.0184978
480 -0.0187144
481 -0.0189329
482 -0.0191611
483 -0.0194075
484 -0.0196792
485 -0.0199805
486 -0.0203119
487 -0.0206679
488 -0.0210401
489 -0.0214186
490 -0.021793
491 -0.0221561
492 -0.022504
493 -0.0228339
494 -0.0231462
495 -0.0234405
496 -0.0237144
497 -0.0239623
498 -0.024174
499 -0.0243368
500 -0.0244361
501 -0.0244582
502 -0.0243932
503 -0.0242379
504 -0.0239972
505 -0.0236847
506 -0.0233218
507 -0.0229364
508 -0.0225597
509 -0.0222231
510 -0.0219567
511 -0.0217868
512 -0.0217277
513 -0.0217902
514 -0.0219747
515 -0.0222703
516 -0.0226553
517 -0.023099
518 -0.0235641
519 -0.0240082
520 -0.0243898
521 -0.024672
522 -0.0248268
523 -0.0248385
524 -0.0247038
525 -0.0244399
526 -0.0240728
527 -0.0236386
528 -0.0231781
529 -0.0227319
530 -0.0223343
531 -0.0220104
532 -0.0217742
533 -0.0216276
534 -0.0215656
535 -0.0215755
536 -0.0216431
537 -0.0217528
538 -0.0218963
539 -0.0220631
540 -0.0222466
541 -0.0224395
542 -0.022633
543 -0.0228204
544 -0.0229961
545 -0.0231574
546 -0.0233045
547 -0.0234401
548 -0.0235684
549 -0.0236927
550 -0.0238135
551 -0.0239271
552 -0.024026
553 -0.0241009
554 -0.0241443
555 -0.0241527
556 -0.0241284
557 -0.0240797
558 -0.0240208
559 -0.023972
560 -0.0239556
561 -0.0239949
562 -0.0241121
563 -0.0243263
564 -0.0246513
565 -0.0250955
566 -0.0256617
567 -0.0263473
568 -0.0271425
569 -0.0280324
570 -0.028997
571 -0.0300129
572 -0.0310555
573 -0.0321001
574 -0.033124
575 -0.0341064
576 -0.035028
577 -0.0358741
578 -0.0366337
579 -0.0372981
580 -0.037859
581 -0.038308
582 -0.0386373
583 -0.0388387
584 -0.0389043
585 -0.038828
586 -0.0386053
587 -0.0382353
588 -0.0377197
589 -0.0370648
590 -0.0362807
591 -0.0353818
592 -0.0343836
593 -0.0333114
594 -0.0321914
595 -0.0310438
596 -0.0298942
597 -0.0287691
598 -0.0276952
599 -0.0266915
600 -0.0257685
601 -0.0249384
602 -0.0242008
603 -0.0235491
604 -0.0229674
605 -0.0224336
606 -0.0219217
607 -0.0214029
608 -0.0208512
609 -0.0202449
610 -0.0195672
611 -0.0188124
612 -0.0179915
613 -0.0171384
614 -0.0163047
615 -0.015557
616 -0.0149791
617 -0.0146473
618 -0.0146188
619 -0.0149264
620 -0.015579
621 -0.0165598
622 -0.0178351
623 -0.0193587
624 -0.0210775
625 -0.0229361
626 -0.0248852
627 -0.0268823
628 -0.028895
629 -0.0308961
630 -0.0328635
631 -0.0347797
632 -0.0366323
633 -0.0384009
634 -0.0400721
635 -0.0416426
636 -0.0431172
637 -0.0445063
638 -0.0458253
639 -0.0470935
640 -0.0483362
641 -0.0495824
642 -0.0508613
643 -0.0521971
644 -0.0536034
645 -0.0550844
646 -0.0566458
647 -0.0582874
648 -0.0600138
649 -0.061828
650 -0.0637316
651 -0.0657317
652 -0.0678324
653 -0.0700333
654 -0.0723238
655 -0.0746714
656 -0.077015
657 -0.0792636
658 -0.0813087
659 -0.0830514
660 -0.0844099
661 -0.0853364
662 -0.0858
663 -0.0858186
664 -0.0854536
665 -0.0847935
666 -0.0839406
667 -0.0829962
668 -0.0820339
669 -0.0810984
670 -0.0802147
671 -0.0793955
672 -0.0786539
673 -0.077994
674 -0.0774074
675 -0.0768828
676 -0.0764218
677 -0.0760406
678 -0.0757554
679 -0.0755685
680 -0.0754717
681 -0.0754691
682 -0.0755786
683 -0.0758283
684 -0.0762551
685 -0.0768742
686 -0.07767
687 -0.0785999
688 -0.0795932
689 -0.0805544
690 -0.0813823
691 -0.0819938
692 -0.0823327
693 -0.0823738
694 -0.08214
695 -0.0816886
696 -0.0810872
697 -0.0803995
698 -0.0796637
699 -0.078908
700 -0.0781575
701 -0.0774243
702 -0.0767079
703 -0.0760005
704 -0.0752916
705 -0.0745746
706 -0.0738547
707 -0.0731417
708 -0.0724679
709 -0.0718724
710 -0.0713944
711 -0.0710836
712 -0.0710071
713 -0.0712306
714 -0.0718021
715 -0.0727342
716 -0.0739769
717 -0.0754255
718 -0.0769628
719 -0.0784607
720 -0.0797992
721 -0.0809159
722 -0.0817834
723 -0.0824105
724 -0.0828063
725 -0.0829935
726 -0.083009
727 -0.0829817
728 -0.0830295
729 -0.0831663
730 -0.083377
731 -0.0836489
732 -0.0839859
733 -0.0844195
734 -0.0849997
735 -0.085774
736 -0.0867563
737 -0.0879359
738 -0.0892661
739 -0.0906861
740 -0.0920846
741 -0.0933343
742 -0.0943299
743 -0.0950079
744 -0.0953637
745 -0.0954854
746 -0.0955184
747 -0.0955812
748 -0.0957164
749 -0.0957975
750 -0.0956808
751 -0.0953767
752 -0.0950162
753 -0.0947436
754 -0.0945596
755 -0.0943544
756 -0.0940253
757 -0.0934986
758 -0.0928022
759 -0.0919715
760 -0.0910338
761 -0.0900124
762 -0.0889111
763 -0.087731
764 -0.0864662
765 -0.0851093
766 -0.0837056
767 -0.0823592
768 -0.0812919
769 -0.0807675
770 -0.0810542
771 -0.0822519
772 -0.0843549
773 -0.0872471
774 -0.0907116
775 -0.0943475
776 -0.0978482
777 -0.100984
778 -0.103444
779 -0.105101
780 -0.105962
781 -0.105996
782 -0.104915
783 -0.102679
784 -0.0995611
785 -0.0956499
786 -0.0911392
787 -0.0862795
788 -0.0813819
789 -0.0766812
790 -0.0722796
791 -0.068206
792 -0.0644859
793 -0.061131
794 -0.0581579
795 -0.0555543
796 -0.053294
797 -0.0513501
798 -0.0496792
799 -0.0482397
