0 2
1 1.97607
2 1.97587
3 1.97584
4 1.97595
5 1.97598
6 1.97614
7 1.9763
8 1.97654
9 1.97681
10 1.97711
11 1.97743
12 1.97778
13 1.97815
14 1.97854
15 1.97894
16 1.97936
17 1.9798
18 1.98024
19 1.9807
20 1.98116
21 1.98163
22 1.98212
23 1.98261
24 1.98311
25 1.9836
26 1.98409
27 1.98458
28 1.98507
29 1.98556
30 1.98604
31 1.98652
32 1.987
33 1.98747
34 1.98794
35 1.9884
36 1.98885
37 1.98929
38 1.98973
39 1.99015
40 1.99056
41 1.99095
42 1.99133
43 1.99169
44 1.99203
45 1.99236
46 1.99266
47 1.99295
48 1.99321
49 1.99346
50 1.99368
51 1.99388
52 1.99405
53 1.9942
54 1.99433
55 1.99442
56 1.99449
57 1.99453
58 1.99453
59 1.99451
60 1.99445
61 1.99435
62 1.99422
63 1.99406
64 1.99385
65 1.99361
66 1.99333
67 1.99301
68 1.99265
69 1.99224
70 1.9918
71 1.99131
72 1.99077
73 1.9902
74 1.98958
75 1.98892
76 1.98821
77 1.98746
78 1.98666
79 1.98582
80 1.98492
81 1.98399
82 1.983
83 1.98196
84 1.98088
85 1.97975
86 1.97858
87 1.97735
88 1.97609
89 1.97478
90 1.97343
91 1.97204
92 1.9706
93 1.96913
94 1.96762
95 1.96608
96 1.96449
97 1.96287
98 1.96122
99 1.95954
100 1.95783
101 1.95607
102 1.95428
103 1.95245
104 1.95059
105 1.94869
106 1.94677
107 1.94482
108 1.94282
109 1.94079
110 1.93874
111 1.93667
112 1.93458
113 1.93249
114 1.93039
115 1.92827
116 1.92613
117 1.92398
118 1.92181
119 1.91964
120 1.91747
121 1.9153
122 1.91312
123 1.91094
124 1.90875
125 1.90657
126 1.90441
127 1.90225
128 1.9001
129 1.89797
130 1.89584
131 1.8937
132 1.89156
133 1.88942
134 1.8873
135 1.8852
136 1.8831
137 1.88101
138 1.87892
139 1.87684
140 1.87478
141 1.87273
142 1.8707
143 1.86868
144 1.86668
145 1.8647
146 1.86274
147 1.86079
148 1.85886
149 1.85695
150 1.85504
151 1.85316
152 1.85129
153 1.84945
154 1.84763
155 1.84583
156 1.84406
157 1.84232
158 1.84059
159 1.83888
160 1.83719
161 1.8355
162 1.83383
163 1.83216
164 1.8305
165 1.82885
166 1.8272
167 1.82557
168 1.82394
169 1.82232
170 1.82071
171 1.81911
172 1.81753
173 1.81597
174 1.81443
175 1.81292
176 1.81143
177 1.80996
178 1.80851
179 1.80708
180 1.80568
181 1.80429
182 1.80291
183 1.80156
184 1.80022
185 1.79891
186 1.7976
187 1.7963
188 1.79501
189 1.79372
190 1.79242
191 1.79112
192 1.78983
193 1.78854
194 1.78728
195 1.78604
196 1.78484
197 1.78367
198 1.78253
199 1.78142
200 1.78034
201 1.77927
202 1.77822
203 1.77717
204 1.77612
205 1.77507
206 1.77402
207 1.77299
208 1.77198
209 1.77101
210 1.77009
211 1.76922
212 1.76841
213 1.76762
214 1.76686
215 1.7661
216 1.76534
217 1.76458
218 1.76385
219 1.76314
220 1.76246
221 1.76182
222 1.76123
223 1.76066
224 1.76013
225 1.75963
226 1.75914
227 1.75867
228 1.75821
229 1.75776
230 1.75733
231 1.75693
232 1.75658
233 1.75627
234 1.75603
235 1.75583
236 1.75568
237 1.75556
238 1.75545
239 1.75534
240 1.75523
241 1.75513
242 1.75503
243 1.75495
244 1.75488
245 1.75485
246 1.75484
247 1.75488
248 1.75496
249 1.75508
250 1.75523
251 1.75542
252 1.75563
253 1.75585
254 1.75609
255 1.75635
256 1.75661
257 1.75689
258 1.75719
259 1.75751
260 1.75784
261 1.7582
262 1.75857
263 1.75895
264 1.75934
265 1.75974
266 1.76015
267 1.76056
268 1.76099
269 1.76143
270 1.76189
271 1.76236
272 1.76285
273 1.76336
274 1.76389
275 1.76444
276 1.76499
277 1.76555
278 1.76612
279 1.7667
280 1.76728
281 1.76786
282 1.76844
283 1.76902
284 1.76959
285 1.77017
286 1.77074
287 1.77131
288 1.77186
289 1.77241
290 1.77295
291 1.77348
292 1.77401
293 1.77452
294 1.77504
295 1.77557
296 1.77612
297 1.77668
298 1.77726
299 1.77784
300 1.77844
301 1.77903
302 1.77962
303 1.78021
304 1.7808
305 1.78139
306 1.78197
307 1.78255
308 1.78312
309 1.78369
310 1.78424
311 1.78478
312 1.78532
313 1.78584
314 1.78635
315 1.78684
316 1.78732
317 1.78779
318 1.78825
319 1.7887
320 1.78914
321 1.78957
322 1.78999
323 1.79039
324 1.79079
325 1.79118
326 1.79156
327 1.79194
328 1.7923
329 1.79264
330 1.79295
331 1.79322
332 1.79344
333 1.79363
334 1.79379
335 1.79394
336 1.7941
337 1.79426
338 1.79443
339 1.79461
340 1.79479
341 1.79497
342 1.79513
343 1.79528
344 1.7954
345 1.7955
346 1.79556
347 1.7956
348 1.79562
349 1.79562
350 1.79563
351 1.79565
352 1.79571
353 1.79581
354 1.79595
355 1.79614
356 1.79634
357 1.79653
358 1.79668
359 1.79677
360 1.79678
361 1.79673
362 1.79663
363 1.7965
364 1.79635
365 1.7962
366 1.79606
367 1.79593
368 1.79582
369 1.79573
370 1.79566
371 1.79563
372 1.79563
373 1.79568
374 1.79576
375 1.79588
376 1.79601
377 1.79615
378 1.79627
379 1.79637
380 1.79643
381 1.79645
382 1.79642
383 1.79636
384 1.79626
385 1.79615
386 1.79603
387 1.79592
388 1.79583
389 1.79576
390 1.79572
391 1.7957
392 1.79571
393 1.79574
394 1.79578
395 1.79585
396 1.79595
397 1.79607
398 1.79624
399 1.79646
400 1.79673
401 1.79705
402 1.79741
403 1.79778
404 1.79816
405 1.7985
406 1.79881
407 1.79909
408 1.79933
409 1.79958
410 1.79984
411 1.80013
412 1.80048
413 1.80087
414 1.80131
415 1.80177
416 1.80225
417 1.80272
418 1.80317
419 1.80359
420 1.80399
421 1.80436
422 1.80472
423 1.80507
424 1.80544
425 1.80584
426 1.8063
427 1.80685
428 1.80748
429 1.80823
430 1.80907
431 1.81002
432 1.81106
433 1.81216
434 1.81332
435 1.8145
436 1.81569
437 1.81687
438 1.81802
439 1.81914
440 1.82021
441 1.82123
442 1.82222
443 1.82316
444 1.82408
445 1.82496
446 1.82582
447 1.82665
448 1.82747
449 1.82826
450 1.82904
451 1.8298
452 1.83055
453 1.83129
454 1.83202
455 1.83276
456 1.8335
457 1.83424
458 1.835
459 1.83577
460 1.83656
461 1.83736
462 1.83819
463 1.83905
464 1.83994
465 1.84087
466 1.84183
467 1.84282
468 1.84384
469 1.84489
470 1.84594
471 1.84699
472 1.84804
473 1.84907
474 1.85008
475 1.85107
476 1.85205
477 1.85301
478 1.85397
479 1.85492
480 1.85587
481 1.85682
482 1.85777
483 1.8587
484 1.85962
485 1.86052
486 1.8614
487 1.86226
488 1.86309
489 1.8639
490 1.86468
491 1.86545
492 1.86621
493 1.86697
494 1.86774
495 1.86852
496 1.86932
497 1.87015
498 1.87101
499 1.87189
500 1.87279
501 1.87371
502 1.87465
503 1.8756
504 1.87656
505 1.87754
506 1.87853
507 1.87952
508 1.88052
509 1.88153
510 1.88254
511 1.88355
512 1.88453
513 1.88549
514 1.88643
515 1.88734
516 1.88822
517 1.88909
518 1.88994
519 1.89078
520 1.89163
521 1.89248
522 1.89333
523 1.89419
524 1.89506
525 1.89593
526 1.89682
527 1.89772
528 1.89865
529 1.89959
530 1.90056
531 1.90155
532 1.90255
533 1.90355
534 1.90457
535 1.90558
536 1.90659
537 1.90759
538 1.90858
539 1.90956
540 1.91053
541 1.9115
542 1.91245
543 1.9134
544 1.91435
545 1.91529
546 1.91621
547 1.91712
548 1.91801
549 1.91886
550 1.91969
551 1.92046
552 1.9212
553 1.92187
554 1.9225
555 1.92306
556 1.92356
557 1.92399
558 1.92436
559 1.92465
560 1.92488
561 1.92505
562 1.92517
563 1.92526
564 1.92533
565 1.92541
566 1.92551
567 1.92564
568 1.9258
569 1.926
570 1.92622
571 1.92647
572 1.92671
573 1.92696
574 1.92717
575 1.92736
576 1.92751
577 1.92761
578 1.92767
579 1.9277
580 1.9277
581 1.92769
582 1.92766
583 1.92763
584 1.9276
585 1.92758
586 1.92758
587 1.92759
588 1.92763
589 1.92769
590 1.92779
591 1.92793
592 1.92811
593 1.92833
594 1.92859
595 1.9289
596 1.92923
597 1.92959
598 1.92997
599 1.93038
600 1.9308
601 1.93123
602 1.93167
603 1.93212
604 1.93256
605 1.93298
606 1.9334
607 1.9338
608 1.93418
609 1.93455
610 1.93491
611 1.93526
612 1.93562
613 1.936
614 1.9364
615 1.93682
616 1.93728
617 1.93776
618 1.93824
619 1.93872
620 1.93918
621 1.93962
622 1.94003
623 1.94041
624 1.94074
625 1.94104
626 1.9413
627 1.94153
628 1.94173
629 1.94189
630 1.94204
631 1.94216
632 1.94227
633 1.94237
634 1.94249
635 1.94261
636 1.94277
637 1.94295
638 1.94316
639 1.94338
640 1.94362
641 1.94387
642 1.94413
643 1.94438
644 1.94463
645 1.94487
646 1.9451
647 1.94533
648 1.94558
649 1.94587
650 1.94622
651 1.94664
652 1.94713
653 1.94768
654 1.94827
655 1.94886
656 1.94943
657 1.94996
658 1.95042
659 1.95081
660 1.95111
661 1.95129
662 1.95134
663 1.9513
664 1.9512
665 1.9511
666 1.95106
667 1.95111
668 1.95123
669 1.95141
670 1.95161
671 1.95183
672 1.95204
673 1.95226
674 1.95249
675 1.95276
676 1.95308
677 1.95347
678 1.95393
679 1.95445
680 1.95501
681 1.95559
682 1.95617
683 1.95673
684 1.95724
685 1.95772
686 1.95817
687 1.95863
688 1.9591
689 1.95961
690 1.96017
691 1.96077
692 1.9614
693 1.96204
694 1.96264
695 1.96319
696 1.96368
697 1.9641
698 1.96449
699 1.96486
700 1.96522
701 1.9656
702 1.966
703 1.96643
704 1.96687
705 1.96735
706 1.96784
707 1.96835
708 1.96888
709 1.96943
710 1.97001
711 1.97061
712 1.97127
713 1.972
714 1.97284
715 1.97379
716 1.97485
717 1.97599
718 1.97718
719 1.97836
720 1.97949
721 1.98049
722 1.98129
723 1.98186
724 1.98215
725 1.98215
726 1.98189
727 1.98143
728 1.98088
729 1.98032
730 1.97978
731 1.97928
732 1.97882
733 1.97838
734 1.97798
735 1.97765
736 1.97742
737 1.97731
738 1.97731
739 1.97738
740 1.97749
741 1.97758
742 1.97764
743 1.9777
744 1.97782
745 1.97807
746 1.97852
747 1.97926
748 1.98035
749 1.98174
750 1.98339
751 1.98522
752 1.98714
753 1.98901
754 1.99074
755 1.99228
756 1.99363
757 1.99481
758 1.99584
759 1.99676
760 1.99759
761 1.99834
762 1.99902
763 1.99963
764 2.00013
765 2.00051
766 2.00073
767 2.00077
768 2.00057
769 2.00003
770 1.99913
771 1.9979
772 1.99657
773 1.99534
774 1.99427
775 1.99332
776 1.99245
777 1.99167
778 1.9911
779 1.99089
780 1.99116
781 1.99204
782 1.99349
783 1.99527
784 1.99703
785 1.9986
786 1.9999
787 2.00101
788 2.00196
789 2.00282
790 2.00364
791 2.00447
792 2.00533
793 2.00624
794 2.00718
795 2.00815
796 2.00911
797 2.01001
798 2.01082
799 2.01151
0 2
1 1.97607
2 1.97587
3 1.97584
4 1.97595
5 1.97598
6 1.97614
7 1.9763
8 1.97654
9 1.97681
10 1.97711
11 1.97743
12 1.97778
13 1.97815
14 1.97854
15 1.97894
16 1.97936
17 1.9798
18 1.98024
19 1.9807
20 1.98116
21 1.98163
22 1.98212
23 1.98261
24 1.98311
25 1.9836
26 1.98409
27 1.98458
28 1.98507
29 1.98556
30 1.98604
31 1.98652
32 1.987
33 1.98747
34 1.98794
35 1.9884
36 1.98885
37 1.98929
38 1.98973
39 1.99015
40 1.99056
41 1.99095
42 1.99133
43 1.99169
44 1.99203
45 1.99236
46 1.99266
47 1.99295
48 1.99322
49 1.99346
50 1.99368
51 1.99388
52 1.99406
53 1.99421
54 1.99433
55 1.99443
56 1.99449
57 1.99453
58 1.99454
59 1.99451
60 1.99445
61 1.99435
62 1.99423
63 1.99406
64 1.99386
65 1.99362
66 1.99333
67 1.99301
68 1.99265
69 1.99225
70 1.9918
71 1.99131
72 1.99078
73 1.9902
74 1.98958
75 1.98892
76 1.98822
77 1.98747
78 1.98667
79 1.98582
80 1.98493
81 1.98399
82 1.983
83 1.98197
84 1.98089
85 1.97976
86 1.97858
87 1.97736
88 1.97609
89 1.97478
90 1.97344
91 1.97205
92 1.97061
93 1.96914
94 1.96763
95 1.96609
96 1.9645
97 1.96288
98 1.96123
99 1.95955
100 1.95783
101 1.95608
102 1.95429
103 1.95246
104 1.95059
105 1.9487
106 1.94678
107 1.94482
108 1.94283
109 1.94079
110 1.93874
111 1.93667
112 1.93459
113 1.93249
114 1.93039
115 1.92828
116 1.92614
117 1.92398
118 1.92181
119 1.91964
120 1.91748
121 1.9153
122 1.91312
123 1.91094
124 1.90875
125 1.90658
126 1.90441
127 1.90225
128 1.90011
129 1.89798
130 1.89584
131 1.8937
132 1.89156
133 1.88943
134 1.88731
135 1.8852
136 1.8831
137 1.88101
138 1.87892
139 1.87684
140 1.87478
141 1.87273
142 1.8707
143 1.86869
144 1.86669
145 1.86471
146 1.86274
147 1.8608
148 1.85887
149 1.85695
150 1.85505
151 1.85316
152 1.85129
153 1.84945
154 1.84763
155 1.84583
156 1.84406
157 1.84232
158 1.84059
159 1.83888
160 1.83719
161 1.8355
162 1.83383
163 1.83216
164 1.8305
165 1.82885
166 1.8272
167 1.82557
168 1.82394
169 1.82232
170 1.82071
171 1.81911
172 1.81754
173 1.81598
174 1.81444
175 1.81292
176 1.81143
177 1.80996
178 1.80851
179 1.80709
180 1.80568
181 1.80429
182 1.80292
183 1.80156
184 1.80023
185 1.79891
186 1.7976
187 1.7963
188 1.79501
189 1.79372
190 1.79242
191 1.79112
192 1.78983
193 1.78854
194 1.78728
195 1.78604
196 1.78484
197 1.78367
198 1.78253
199 1.78142
200 1.78034
201 1.77927
202 1.77822
203 1.77717
204 1.77612
205 1.77507
206 1.77403
207 1.77299
208 1.77198
209 1.77101
210 1.77009
211 1.76923
212 1.76841
213 1.76763
214 1.76686
215 1.7661
216 1.76534
217 1.76459
218 1.76385
219 1.76314
220 1.76246
221 1.76183
222 1.76123
223 1.76067
224 1.76014
225 1.75964
226 1.75915
227 1.75868
228 1.75822
229 1.75777
230 1.75735
231 1.75695
232 1.75659
233 1.75629
234 1.75604
235 1.75585
236 1.7557
237 1.75557
238 1.75546
239 1.75535
240 1.75524
241 1.75514
242 1.75504
243 1.75496
244 1.75489
245 1.75486
246 1.75485
247 1.75489
248 1.75497
249 1.75509
250 1.75525
251 1.75544
252 1.75564
253 1.75587
254 1.7561
255 1.75635
256 1.75662
257 1.75689
258 1.75719
259 1.75751
260 1.75784
261 1.7582
262 1.75857
263 1.75895
264 1.75934
265 1.75974
266 1.76015
267 1.76056
268 1.76099
269 1.76143
270 1.76189
271 1.76236
272 1.76285
273 1.76337
274 1.76389
275 1.76444
276 1.76499
277 1.76555
278 1.76612
279 1.7667
280 1.76728
281 1.76786
282 1.76844
283 1.76902
284 1.7696
285 1.77018
286 1.77075
287 1.77132
288 1.77187
289 1.77242
290 1.77296
291 1.77349
292 1.77401
293 1.77453
294 1.77505
295 1.77558
296 1.77612
297 1.77668
298 1.77726
299 1.77785
300 1.77844
301 1.77903
302 1.77962
303 1.78021
304 1.7808
305 1.78139
306 1.78197
307 1.78255
308 1.78312
309 1.78369
310 1.78424
311 1.78479
312 1.78532
313 1.78585
314 1.78636
315 1.78686
316 1.78735
317 1.78782
318 1.78828
319 1.78873
320 1.78918
321 1.7896
322 1.79002
323 1.79043
324 1.79082
325 1.79121
326 1.7916
327 1.79198
328 1.79235
329 1.7927
330 1.79301
331 1.79328
332 1.79351
333 1.7937
334 1.79386
335 1.79402
336 1.79418
337 1.79434
338 1.79452
339 1.79471
340 1.7949
341 1.79509
342 1.79528
343 1.79544
344 1.79558
345 1.7957
346 1.79578
347 1.79585
348 1.79589
349 1.79591
350 1.79594
351 1.79597
352 1.79604
353 1.79614
354 1.79628
355 1.79647
356 1.79666
357 1.79685
358 1.797
359 1.79709
360 1.79711
361 1.79707
362 1.79698
363 1.79685
364 1.7967
365 1.79654
366 1.79638
367 1.79624
368 1.79611
369 1.796
370 1.79591
371 1.79585
372 1.79582
373 1.79584
374 1.7959
375 1.79599
376 1.79611
377 1.79624
378 1.79636
379 1.79647
380 1.79655
381 1.79659
382 1.7966
383 1.79657
384 1.79651
385 1.79644
386 1.79635
387 1.79626
388 1.79619
389 1.79613
390 1.7961
391 1.79608
392 1.79609
393 1.79611
394 1.79616
395 1.79623
396 1.79633
397 1.79647
398 1.79665
399 1.79688
400 1.79717
401 1.79751
402 1.79787
403 1.79825
404 1.79862
405 1.79895
406 1.79925
407 1.7995
408 1.79973
409 1.79996
410 1.8002
411 1.8005
412 1.80084
413 1.80125
414 1.8017
415 1.80218
416 1.80268
417 1.80318
418 1.80367
419 1.80412
420 1.80455
421 1.80494
422 1.8053
423 1.80566
424 1.80601
425 1.80639
426 1.80683
427 1.80734
428 1.80793
429 1.80863
430 1.80944
431 1.81035
432 1.81135
433 1.81243
434 1.81356
435 1.81473
436 1.81591
437 1.81709
438 1.81824
439 1.81936
440 1.82044
441 1.82148
442 1.82248
443 1.82343
444 1.82434
445 1.82521
446 1.82606
447 1.82687
448 1.82766
449 1.82843
450 1.82919
451 1.82993
452 1.83067
453 1.8314
454 1.83213
455 1.83286
456 1.83361
457 1.83436
458 1.83513
459 1.83592
460 1.83674
461 1.83758
462 1.83844
463 1.83934
464 1.84027
465 1.84123
466 1.84223
467 1.84326
468 1.84431
469 1.84538
470 1.84646
471 1.84753
472 1.8486
473 1.84965
474 1.85067
475 1.85168
476 1.85268
477 1.85366
478 1.85464
479 1.85561
480 1.85657
481 1.85754
482 1.8585
483 1.85946
484 1.8604
485 1.86132
486 1.86223
487 1.86311
488 1.86398
489 1.86481
490 1.86563
491 1.86643
492 1.86723
493 1.86802
494 1.86881
495 1.86962
496 1.87045
497 1.8713
498 1.87218
499 1.87307
500 1.87398
501 1.8749
502 1.87584
503 1.87677
504 1.87772
505 1.87866
506 1.87961
507 1.88057
508 1.88154
509 1.88252
510 1.88351
511 1.8845
512 1.88548
513 1.88644
514 1.8874
515 1.88833
516 1.88925
517 1.89015
518 1.89105
519 1.89193
520 1.89282
521 1.89369
522 1.89457
523 1.89543
524 1.89628
525 1.89713
526 1.89797
527 1.89884
528 1.89972
529 1.90063
530 1.90156
531 1.90252
532 1.90349
533 1.90449
534 1.9055
535 1.90652
536 1.90753
537 1.90853
538 1.90954
539 1.91054
540 1.91152
541 1.9125
542 1.91348
543 1.91444
544 1.91541
545 1.91636
546 1.9173
547 1.91822
548 1.91912
549 1.91999
550 1.92082
551 1.92161
552 1.92235
553 1.92304
554 1.92366
555 1.92422
556 1.92472
557 1.92515
558 1.92551
559 1.9258
560 1.92603
561 1.9262
562 1.92633
563 1.92644
564 1.92655
565 1.92667
566 1.92683
567 1.92703
568 1.92728
569 1.92757
570 1.92791
571 1.92827
572 1.92864
573 1.92902
574 1.92937
575 1.92969
576 1.92996
577 1.93019
578 1.93036
579 1.93048
580 1.93057
581 1.93062
582 1.93064
583 1.93065
584 1.93063
585 1.9306
586 1.93056
587 1.93051
588 1.93047
589 1.93044
590 1.93043
591 1.93044
592 1.93047
593 1.93055
594 1.93067
595 1.93082
596 1.93102
597 1.93124
598 1.93151
599 1.9318
600 1.93213
601 1.93247
602 1.93284
603 1.93323
604 1.93361
605 1.93399
606 1.93436
607 1.93471
608 1.93505
609 1.93537
610 1.93567
611 1.93597
612 1.93627
613 1.93658
614 1.93693
615 1.93731
616 1.93773
617 1.93819
618 1.93866
619 1.93916
620 1.93967
621 1.94017
622 1.94067
623 1.94115
624 1.94163
625 1.94209
626 1.94254
627 1.94297
628 1.9434
629 1.9438
630 1.9442
631 1.94458
632 1.94495
633 1.94532
634 1.9457
635 1.94608
636 1.94649
637 1.94691
638 1.94736
639 1.94782
640 1.9483
641 1.94879
642 1.9493
643 1.94983
644 1.95038
645 1.95094
646 1.95152
647 1.95213
648 1.95279
649 1.95352
650 1.95434
651 1.95528
652 1.95633
653 1.95749
654 1.95873
655 1.96001
656 1.96129
657 1.96252
658 1.96364
659 1.96461
660 1.96536
661 1.96585
662 1.96607
663 1.96603
664 1.9658
665 1.96548
666 1.96516
667 1.96488
668 1.96469
669 1.96456
670 1.96448
671 1.96443
672 1.96441
673 1.96442
674 1.96447
675 1.96458
676 1.96476
677 1.96504
678 1.96541
679 1.96587
680 1.96641
681 1.96699
682 1.9676
683 1.96823
684 1.96887
685 1.96954
686 1.97024
687 1.97098
688 1.97177
689 1.97259
690 1.97341
691 1.97422
692 1.97496
693 1.97561
694 1.97613
695 1.97653
696 1.97683
697 1.97703
698 1.97719
699 1.97731
700 1.97744
701 1.97759
702 1.97777
703 1.97798
704 1.97821
705 1.97847
706 1.97875
707 1.97905
708 1.97938
709 1.97976
710 1.9802
711 1.98072
712 1.98135
713 1.98215
714 1.98315
715 1.98437
716 1.98579
717 1.98737
718 1.98903
719 1.99068
720 1.99222
721 1.99358
722 1.99467
723 1.99544
724 1.99586
725 1.99592
726 1.99567
727 1.9952
728 1.99467
729 1.99415
730 1.99368
731 1.99328
732 1.99292
733 1.99263
734 1.99243
735 1.99237
736 1.99248
737 1.99278
738 1.99325
739 1.99383
740 1.99445
741 1.995
742 1.99544
743 1.99576
744 1.99601
745 1.9963
746 1.99677
747 1.99753
748 1.99867
749 2.0001
750 2.0017
751 2.00342
752 2.00519
753 2.00696
754 2.00862
755 2.01008
756 2.01131
757 2.01229
758 2.01307
759 2.01368
760 2.01416
761 2.01454
762 2.01483
763 2.01502
764 2.01509
765 2.015
766 2.01475
767 2.01433
768 2.01378
769 2.01308
770 2.01227
771 2.01143
772 2.0108
773 2.01056
774 2.01073
775 2.01112
776 2.0116
777 2.01207
778 2.01251
779 2.01298
780 2.01362
781 2.01451
782 2.01551
783 2.01635
784 2.01685
785 2.01689
786 2.01652
787 2.0159
788 2.0152
789 2.01458
790 2.01409
791 2.01378
792 2.01365
793 2.01371
794 2.01395
795 2.01433
796 2.01479
797 2.01528
798 2.01575
799 2.01617
