0 0.607927
1 0.590132
2 0.589929
3 0.589821
4 0.589792
5 0.589597
6 0.589457
7 0.58924
8 0.589017
9 0.588748
10 0.588427
11 0.588057
12 0.587632
13 0.587152
14 0.586619
15 0.586028
16 0.585383
17 0.584682
18 0.583919
19 0.583108
20 0.582236
21 0.581306
22 0.580329
23 0.579295
24 0.578202
25 0.577053
26 0.575849
27 0.57459
28 0.573277
29 0.571912
30 0.570495
31 0.569026
32 0.567509
33 0.565942
34 0.564327
35 0.562665
36 0.560955
37 0.559198
38 0.557396
39 0.555547
40 0.553653
41 0.551713
42 0.549729
43 0.547701
44 0.54563
45 0.543518
46 0.541365
47 0.539171
48 0.536939
49 0.534668
50 0.53236
51 0.530016
52 0.527635
53 0.525218
54 0.522767
55 0.520281
56 0.517762
57 0.51521
58 0.512626
59 0.510009
60 0.507363
61 0.504685
62 0.501979
63 0.499242
64 0.496477
65 0.493684
66 0.490865
67 0.488019
68 0.485151
69 0.482256
70 0.47934
71 0.4764
72 0.473438
73 0.470457
74 0.46746
75 0.464445
76 0.461412
77 0.458361
78 0.455293
79 0.452211
80 0.449115
81 0.446004
82 0.442879
83 0.439743
84 0.436597
85 0.433434
86 0.430265
87 0.427085
88 0.4239
89 0.420706
90 0.41751
91 0.414307
92 0.411099
93 0.40789
94 0.404676
95 0.401463
96 0.398243
97 0.395025
98 0.39181
99 0.388595
100 0.385381
101 0.382167
102 0.378956
103 0.375746
104 0.372546
105 0.369356
106 0.366176
107 0.363011
108 0.359851
109 0.356698
110 0.353562
111 0.350439
112 0.347329
113 0.344235
114 0.341156
115 0.338086
116 0.335027
117 0.33198
118 0.328946
119 0.32593
120 0.322934
121 0.319956
122 0.316998
123 0.314061
124 0.311147
125 0.30826
126 0.305402
127 0.302569
128 0.29976
129 0.296976
130 0.294204
131 0.291442
132 0.28869
133 0.285955
134 0.283239
135 0.280545
136 0.277872
137 0.275223
138 0.272602
139 0.27001
140 0.267449
141 0.26492
142 0.262422
143 0.259955
144 0.257517
145 0.25511
146 0.252735
147 0.250391
148 0.248078
149 0.245797
150 0.243544
151 0.241319
152 0.239115
153 0.236931
154 0.234761
155 0.232604
156 0.230458
157 0.228326
158 0.226209
159 0.224112
160 0.222041
161 0.219997
162 0.217983
163 0.215997
164 0.21404
165 0.21211
166 0.210207
167 0.20833
168 0.206476
169 0.204646
170 0.202838
171 0.201052
172 0.199286
173 0.19754
174 0.195813
175 0.194107
176 0.19242
177 0.190756
178 0.189116
179 0.187501
180 0.18591
181 0.184344
182 0.182801
183 0.18128
184 0.17978
185 0.178302
186 0.176846
187 0.175413
188 0.174005
189 0.172623
190 0.171266
191 0.169931
192 0.168613
193 0.167304
194 0.166
195 0.164695
196 0.163389
197 0.162082
198 0.160779
199 0.159484
200 0.158204
201 0.156941
202 0.155698
203 0.154476
204 0.153274
205 0.152089
206 0.150919
207 0.149759
208 0.148607
209 0.147459
210 0.146314
211 0.145171
212 0.144033
213 0.142902
214 0.141783
215 0.140679
216 0.139594
217 0.138527
218 0.137479
219 0.136444
220 0.135421
221 0.134404
222 0.133392
223 0.132383
224 0.131377
225 0.130377
226 0.129383
227 0.128398
228 0.127422
229 0.126453
230 0.12549
231 0.12453
232 0.123571
233 0.122612
234 0.121651
235 0.12069
236 0.119732
237 0.118778
238 0.117832
239 0.116897
240 0.115972
241 0.115058
242 0.114153
243 0.113254
244 0.112361
245 0.111469
246 0.110579
247 0.10969
248 0.108801
249 0.107914
250 0.10703
251 0.106151
252 0.105279
253 0.104414
254 0.103557
255 0.102709
256 0.10187
257 0.101039
258 0.100217
259 0.0994016
260 0.0985941
261 0.0977939
262 0.097001
263 0.0962157
264 0.0954381
265 0.0946686
266 0.0939071
267 0.0931538
268 0.0924083
269 0.0916703
270 0.0909392
271 0.0902148
272 0.0894965
273 0.0887842
274 0.0880778
275 0.087377
276 0.0866821
277 0.0859932
278 0.0853104
279 0.0846341
280 0.0839644
281 0.0833016
282 0.0826458
283 0.081997
284 0.0813553
285 0.0807206
286 0.080093
287 0.0794723
288 0.0788587
289 0.0782522
290 0.0776532
291 0.0770619
292 0.0764788
293 0.0759044
294 0.0753392
295 0.0747833
296 0.074237
297 0.0737001
298 0.0731726
299 0.0726539
300 0.0721437
301 0.0716415
302 0.0711468
303 0.0706591
304 0.0701782
305 0.0697038
306 0.0692358
307 0.0687741
308 0.0683189
309 0.0678699
310 0.0674272
311 0.0669908
312 0.0665606
313 0.0661364
314 0.0657181
315 0.0653053
316 0.0648975
317 0.0644944
318 0.0640956
319 0.0637009
320 0.0633102
321 0.0629235
322 0.0625409
323 0.0621626
324 0.0617888
325 0.0614195
326 0.0610548
327 0.0606945
328 0.0603384
329 0.0599864
330 0.0596384
331 0.0592942
332 0.058954
333 0.0586176
334 0.0582848
335 0.0579553
336 0.0576288
337 0.0573048
338 0.0569826
339 0.0566617
340 0.0563419
341 0.0560228
342 0.0557044
343 0.0553868
344 0.0550703
345 0.0547549
346 0.0544408
347 0.0541279
348 0.0538162
349 0.0535055
350 0.0531956
351 0.0528861
352 0.052577
353 0.052268
354 0.051959
355 0.0516503
356 0.0513422
357 0.0510349
358 0.0507292
359 0.0504255
360 0.0501247
361 0.0498274
362 0.049534
363 0.0492448
364 0.0489599
365 0.0486791
366 0.0484023
367 0.0481293
368 0.0478599
369 0.0475937
370 0.0473308
371 0.0470706
372 0.046813
373 0.0465575
374 0.0463032
375 0.0460499
376 0.0457973
377 0.0455455
378 0.0452948
379 0.045046
380 0.0447998
381 0.0445571
382 0.0443184
383 0.0440837
384 0.043853
385 0.0436256
386 0.0434007
387 0.0431774
388 0.0429548
389 0.042732
390 0.0425084
391 0.0422836
392 0.0420577
393 0.0418307
394 0.0416031
395 0.0413756
396 0.0411488
397 0.0409235
398 0.0407003
399 0.0404795
400 0.0402617
401 0.0400469
402 0.0398356
403 0.0396276
404 0.0394231
405 0.0392219
406 0.0390239
407 0.0388288
408 0.0386362
409 0.038446
410 0.0382578
411 0.0380717
412 0.0378875
413 0.0377056
414 0.037526
415 0.0373489
416 0.0371744
417 0.0370024
418 0.0368329
419 0.0366657
420 0.0365005
421 0.0363372
422 0.0361755
423 0.0360155
424 0.0358569
425 0.0356998
426 0.035544
427 0.0353896
428 0.0352363
429 0.0350842
430 0.0349332
431 0.0347831
432 0.0346341
433 0.034486
434 0.034339
435 0.0341933
436 0.034049
437 0.0339063
438 0.0337654
439 0.0336262
440 0.0334889
441 0.0333532
442 0.0332189
443 0.0330858
444 0.0329536
445 0.0328219
446 0.0326905
447 0.032559
448 0.0324272
449 0.032295
450 0.0321622
451 0.0320287
452 0.0318943
453 0.031759
454 0.0316229
455 0.031486
456 0.0313485
457 0.0312106
458 0.0310724
459 0.0309342
460 0.0307961
461 0.0306584
462 0.0305213
463 0.0303847
464 0.0302489
465 0.0301138
466 0.0299794
467 0.0298457
468 0.0297125
469 0.0295797
470 0.0294473
471 0.0293149
472 0.0291825
473 0.02905
474 0.0289175
475 0.0287848
476 0.0286521
477 0.0285194
478 0.0283867
479 0.0282539
480 0.0281212
481 0.0279885
482 0.0278556
483 0.0277225
484 0.027589
485 0.027455
486 0.0273206
487 0.0271857
488 0.0270504
489 0.0269146
490 0.0267785
491 0.0266421
492 0.0265056
493 0.0263692
494 0.0262328
495 0.0260967
496 0.0259608
497 0.0258252
498 0.0256898
499 0.0255546
500 0.0254194
501 0.0252842
502 0.0251491
503 0.025014
504 0.024879
505 0.0247442
506 0.0246098
507 0.0244758
508 0.0243425
509 0.0242098
510 0.0240779
511 0.0239467
512 0.0238157
513 0.0236849
514 0.0235543
515 0.0234239
516 0.0232938
517 0.0231641
518 0.0230348
519 0.0229061
520 0.0227782
521 0.022651
522 0.0225247
523 0.0223992
524 0.0222745
525 0.0221505
526 0.0220276
527 0.0219059
528 0.0217854
529 0.0216661
530 0.0215479
531 0.0214306
532 0.0213139
533 0.0211978
534 0.0210821
535 0.0209667
536 0.0208512
537 0.0207352
538 0.0206192
539 0.020503
540 0.0203863
541 0.0202691
542 0.0201517
543 0.0200344
544 0.0199174
545 0.0198009
546 0.0196851
547 0.0195702
548 0.0194564
549 0.0193436
550 0.0192318
551 0.0191211
552 0.0190112
553 0.0189022
554 0.0187938
555 0.018686
556 0.0185787
557 0.0184716
558 0.0183647
559 0.0182578
560 0.0181511
561 0.0180446
562 0.0179386
563 0.0178333
564 0.017729
565 0.0176257
566 0.0175238
567 0.0174232
568 0.017324
569 0.0172261
570 0.0171296
571 0.0170342
572 0.01694
573 0.0168468
574 0.0167544
575 0.0166628
576 0.0165718
577 0.0164815
578 0.0163919
579 0.0163029
580 0.0162146
581 0.0161271
582 0.0160402
583 0.0159539
584 0.0158681
585 0.0157827
586 0.0156975
587 0.0156124
588 0.0155275
589 0.0154426
590 0.0153578
591 0.0152733
592 0.0151892
593 0.0151062
594 0.0150244
595 0.0149441
596 0.0148654
597 0.0147887
598 0.014714
599 0.0146413
600 0.0145708
601 0.0145022
602 0.0144355
603 0.0143702
604 0.0143062
605 0.0142431
606 0.0141808
607 0.0141191
608 0.0140581
609 0.0139981
610 0.0139395
611 0.0138828
612 0.0138287
613 0.0137783
614 0.0137325
615 0.0136923
616 0.0136584
617 0.0136308
618 0.0136095
619 0.0135938
620 0.013583
621 0.0135758
622 0.0135712
623 0.0135681
624 0.0135649
625 0.0135602
626 0.0135517
627 0.0135374
628 0.0135153
629 0.0134843
630 0.0134441
631 0.0133957
632 0.0133408
633 0.0132814
634 0.01322
635 0.0131594
636 0.0131021
637 0.0130497
638 0.0130027
639 0.0129603
640 0.0129212
641 0.0128834
642 0.0128454
643 0.0128057
644 0.0127629
645 0.0127159
646 0.0126644
647 0.012609
648 0.012552
649 0.012497
650 0.0124476
651 0.0124067
652 0.0123755
653 0.0123532
654 0.0123376
655 0.0123259
656 0.0123156
657 0.0123052
658 0.012294
659 0.0122816
660 0.0122673
661 0.0122496
662 0.0122266
663 0.0121966
664 0.012161
665 0.0121234
666 0.0120874
667 0.0120547
668 0.0120235
669 0.0119892
670 0.0119468
671 0.0118931
672 0.0118294
673 0.0117607
674 0.0116924
675 0.0116291
676 0.0115737
677 0.0115282
678 0.0114937
679 0.0114702
680 0.0114563
681 0.0114487
682 0.0114427
683 0.0114337
684 0.0114188
685 0.0113971
686 0.0113698
687 0.0113387
688 0.0113058
689 0.0112722
690 0.0112385
691 0.0112049
692 0.0111704
693 0.0111337
694 0.0110928
695 0.0110459
696 0.0109916
697 0.01093
698 0.0108628
699 0.0107933
700 0.0107252
701 0.0106614
702 0.0106032
703 0.0105509
704 0.0105038
705 0.0104613
706 0.0104231
707 0.0103892
708 0.0103592
709 0.0103326
710 0.0103088
711 0.010288
712 0.0102724
713 0.0102658
714 0.0102725
715 0.0102956
716 0.0103364
717 0.0103945
718 0.0104678
719 0.0105523
720 0.0106405
721 0.0107209
722 0.0107797
723 0.0108055
724 0.010793
725 0.010744
726 0.0106655
727 0.0105669
728 0.0104585
729 0.010349
730 0.0102454
731 0.0101527
732 0.0100733
733 0.0100082
734 0.00995689
735 0.00991989
736 0.00989753
737 0.00988888
738 0.00989036
739 0.00989589
740 0.00989759
741 0.00988845
742 0.00986535
743 0.00982916
744 0.00978629
745 0.00974466
746 0.00971248
747 0.00970179
748 0.00972689
749 0.00979799
750 0.00991977
751 0.0100893
752 0.0102948
753 0.0105146
754 0.0107233
755 0.0109036
756 0.0110487
757 0.0111605
758 0.0112454
759 0.0113131
760 0.0113711
761 0.0114217
762 0.0114631
763 0.011489
764 0.0114893
765 0.0114511
766 0.0113613
767 0.0112111
768 0.0110012
769 0.01074
770 0.0104534
771 0.0101699
772 0.00991605
773 0.00971072
774 0.00956435
775 0.00947882
776 0.00944673
777 0.00945511
778 0.00949266
779 0.0095537
780 0.00964078
781 0.0097663
782 0.00993891
783 0.0101449
784 0.0103542
785 0.0105527
786 0.0107318
787 0.0108952
788 0.0110425
789 0.011179
790 0.0113089
791 0.0114345
792 0.011554
793 0.011667
794 0.0117729
795 0.0118711
796 0.0119598
797 0.0120352
798 0.0120937
799 0.0121329
