0 0.124152
1 0.124559
2 0.124594
3 0.125033
4 0.124852
5 0.124846
6 0.124589
7 0.124511
8 0.124472
9 0.123934
10 0.123765
11 0.123813
12 0.123999
13 0.124204
14 0.124032
15 0.123762
16 0.123434
17 0.123469
18 0.123536
19 0.12352
20 0.123497
21 0.123545
22 0.123605
23 0.123606
24 0.123742
25 0.123908
26 0.123925
27 0.123866
28 0.12398
29 0.124254
30 0.124316
31 0.124047
32 0.123656
33 0.123387
34 0.123199
35 0.123055
36 0.123012
37 0.123052
38 0.123128
39 0.123151
40 0.123106
41 0.12305
42 0.122988
43 0.122786
44 0.12243
45 0.122064
46 0.121768
47 0.121568
48 0.121479
49 0.121472
50 0.121495
51 0.121529
52 0.121563
53 0.121553
54 0.121482
55 0.121408
56 0.12136
57 0.12132
58 0.121295
59 0.121299
60 0.121308
61 0.121286
62 0.121233
63 0.12112
64 0.12096
65 0.12082
66 0.12073
67 0.120681
68 0.120646
69 0.120591
70 0.120491
71 0.120355
72 0.120215
73 0.120076
74 0.119935
75 0.119791
76 0.119636
77 0.119492
78 0.119393
79 0.119332
80 0.119303
81 0.119313
82 0.119366
83 0.119455
84 0.119562
85 0.119644
86 0.119662
87 0.119627
88 0.11956
89 0.119467
90 0.119353
91 0.119221
92 0.119074
93 0.11892
94 0.11876
95 0.118586
96 0.11839
97 0.118176
98 0.117955
99 0.117734
100 0.117521
101 0.117314
102 0.117112
103 0.116922
104 0.116759
105 0.116632
106 0.11653
107 0.116435
108 0.116338
109 0.116238
110 0.116134
111 0.116017
112 0.115884
113 0.11574
114 0.115599
115 0.115468
116 0.115345
117 0.11522
118 0.115082
119 0.11493
120 0.114772
121 0.114617
122 0.114472
123 0.114343
124 0.114228
125 0.114118
126 0.114005
127 0.113882
128 0.113745
129 0.113596
130 0.113441
131 0.113288
132 0.113142
133 0.11301
134 0.112895
135 0.112794
136 0.112702
137 0.11262
138 0.112557
139 0.112519
140 0.112497
141 0.112473
142 0.112427
143 0.112356
144 0.112266
145 0.112166
146 0.112063
147 0.111962
148 0.111862
149 0.111757
150 0.111642
151 0.111516
152 0.111374
153 0.111209
154 0.11101
155 0.110777
156 0.110517
157 0.110245
158 0.109976
159 0.10972
160 0.109482
161 0.109259
162 0.10905
163 0.108851
164 0.108658
165 0.108471
166 0.108289
167 0.108114
168 0.107945
169 0.107783
170 0.107628
171 0.107478
172 0.107327
173 0.107171
174 0.107008
175 0.106839
176 0.106669
177 0.106501
178 0.106336
179 0.106172
180 0.106004
181 0.105829
182 0.105647
183 0.105459
184 0.105266
185 0.105069
186 0.104868
187 0.104668
188 0.104471
189 0.104283
190 0.104106
191 0.103945
192 0.1038
193 0.103673
194 0.103563
195 0.103464
196 0.103371
197 0.103276
198 0.103177
199 0.103071
200 0.102958
201 0.102839
202 0.102712
203 0.10258
204 0.102441
205 0.102296
206 0.102143
207 0.10198
208 0.101809
209 0.101629
210 0.101443
211 0.101252
212 0.101057
213 0.10086
214 0.100664
215 0.10047
216 0.100281
217 0.100097
218 0.0999154
219 0.0997361
220 0.0995575
221 0.099378
222 0.0991966
223 0.0990127
224 0.0988268
225 0.0986397
226 0.0984523
227 0.0982646
228 0.098076
229 0.0978858
230 0.0976942
231 0.0975018
232 0.09731
233 0.0971199
234 0.0969324
235 0.0967472
236 0.0965633
237 0.096379
238 0.0961928
239 0.0960038
240 0.0958116
241 0.0956172
242 0.0954218
243 0.0952271
244 0.0950348
245 0.094846
246 0.0946616
247 0.0944825
248 0.0943096
249 0.094144
250 0.0939861
251 0.0938345
252 0.0936869
253 0.0935406
254 0.0933936
255 0.0932455
256 0.0930965
257 0.0929475
258 0.0927989
259 0.0926507
260 0.0925023
261 0.0923525
262 0.0921996
263 0.0920416
264 0.0918761
265 0.091701
266 0.0915154
267 0.0913199
268 0.0911165
269 0.090908
270 0.090697
271 0.0904858
272 0.0902758
273 0.0900678
274 0.0898618
275 0.0896579
276 0.0894562
277 0.0892566
278 0.0890594
279 0.0888648
280 0.0886728
281 0.0884831
282 0.0882952
283 0.0881081
284 0.087921
285 0.0877332
286 0.0875445
287 0.0873553
288 0.087166
289 0.0869764
290 0.0867865
291 0.0865955
292 0.0864028
293 0.086208
294 0.086011
295 0.0858116
296 0.0856101
297 0.085407
298 0.085203
299 0.0849993
