0 0.198439
1 0.199512
2 0.200604
3 0.201704
4 0.202789
5 0.203827
6 0.20478
7 0.205611
8 0.206289
9 0.206792
10 0.207107
11 0.207232
12 0.207174
13 0.206945
14 0.206565
15 0.206056
16 0.205443
17 0.204748
18 0.203996
19 0.203209
20 0.202406
21 0.201605
22 0.200818
23 0.200058
24 0.199333
25 0.198648
26 0.198009
27 0.197417
28 0.196872
29 0.196372
30 0.195917
31 0.195502
32 0.195124
33 0.19478
34 0.194464
35 0.194173
36 0.193903
37 0.193649
38 0.193407
39 0.193174
40 0.192947
41 0.192723
42 0.192498
43 0.192272
44 0.192041
45 0.191804
46 0.19156
47 0.191308
48 0.191047
49 0.190776
50 0.190496
51 0.190204
52 0.189903
53 0.189591
54 0.189269
55 0.188937
56 0.188595
57 0.188244
58 0.187884
59 0.187515
60 0.187138
61 0.186753
62 0.186361
63 0.185962
64 0.185556
65 0.185145
66 0.184728
67 0.184305
68 0.183878
69 0.183446
70 0.18301
71 0.182571
72 0.182128
73 0.181682
74 0.181233
75 0.180782
76 0.180329
77 0.179874
78 0.179418
79 0.17896
80 0.178502
81 0.178043
82 0.177583
83 0.177123
84 0.176664
85 0.176204
86 0.175745
87 0.175286
88 0.174828
89 0.174371
90 0.173914
91 0.173458
92 0.173004
93 0.17255
94 0.172097
95 0.171644
96 0.171193
97 0.170743
98 0.170293
99 0.169844
100 0.169395
101 0.168947
102 0.168499
103 0.168052
104 0.167604
105 0.167157
106 0.166709
107 0.166261
108 0.165813
109 0.165364
110 0.164914
111 0.164464
112 0.164012
113 0.16356
114 0.163107
115 0.162652
116 0.162196
117 0.161739
118 0.16128
119 0.16082
120 0.160359
121 0.159896
122 0.159431
123 0.158965
124 0.158497
125 0.158028
126 0.157557
127 0.157085
128 0.156611
129 0.156136
130 0.155659
131 0.155181
132 0.154702
133 0.154221
134 0.15374
135 0.153257
136 0.152773
137 0.152288
138 0.151803
139 0.151317
140 0.150829
141 0.150342
142 0.149853
143 0.149365
144 0.148875
145 0.148386
146 0.147896
147 0.147406
148 0.146915
149 0.146425
150 0.145934
151 0.145444
152 0.144953
153 0.144463
154 0.143972
155 0.143482
156 0.142992
157 0.142502
158 0.142012
159 0.141523
160 0.141034
161 0.140545
162 0.140057
163 0.139569
164 0.139081
165 0.138594
166 0.138107
167 0.13762
168 0.137134
169 0.136649
170 0.136163
171 0.135678
172 0.135194
173 0.13471
174 0.134226
175 0.133743
176 0.13326
177 0.132778
178 0.132296
179 0.131815
180 0.131334
181 0.130853
182 0.130374
183 0.129894
184 0.129415
185 0.128937
186 0.128459
187 0.127982
188 0.127505
189 0.127029
190 0.126553
191 0.126078
192 0.125604
193 0.12513
194 0.124657
195 0.124185
196 0.123713
197 0.123242
198 0.122772
199 0.122302
200 0.121833
201 0.121365
202 0.120898
203 0.120431
204 0.119966
205 0.119501
206 0.119037
207 0.118574
208 0.118112
209 0.11765
210 0.11719
211 0.116731
212 0.116272
213 0.115815
214 0.115358
215 0.114902
216 0.114448
217 0.113994
218 0.113542
219 0.11309
220 0.11264
221 0.11219
222 0.111742
223 0.111295
224 0.110849
225 0.110404
226 0.10996
227 0.109517
228 0.109075
229 0.108635
230 0.108195
231 0.107757
232 0.10732
233 0.106884
234 0.106449
235 0.106016
236 0.105583
237 0.105152
238 0.104722
239 0.104293
240 0.103865
241 0.103439
242 0.103014
243 0.10259
244 0.102167
245 0.101745
246 0.101325
247 0.100906
248 0.100488
249 0.100072
250 0.0996562
251 0.0992421
252 0.0988293
253 0.0984177
254 0.0980074
255 0.0975984
256 0.0971907
257 0.0967842
258 0.096379
259 0.0959751
260 0.0955725
261 0.0951712
262 0.0947711
263 0.0943724
264 0.093975
265 0.0935789
266 0.0931841
267 0.0927906
268 0.0923984
269 0.0920075
270 0.0916179
271 0.0912297
272 0.0908428
273 0.0904572
274 0.0900729
275 0.08969
276 0.0893084
277 0.0889281
278 0.0885491
279 0.0881715
280 0.0877952
281 0.0874202
282 0.0870466
283 0.0866743
284 0.0863034
285 0.0859337
286 0.0855655
287 0.0851985
288 0.0848329
289 0.0844686
290 0.0841057
291 0.083744
292 0.0833838
293 0.0830248
294 0.0826672
295 0.0823109
296 0.081956
297 0.0816024
298 0.0812501
299 0.0808991
