0 8.85627e-10
1 -0.000270332
2 -0.000611413
3 -0.00109691
4 -0.00159943
5 -0.00206035
6 -0.00260344
7 -0.00302219
8 -0.00336651
9 -0.00382769
10 -0.00419246
11 -0.00471126
12 -0.00503221
13 -0.00556397
14 -0.00604228
15 -0.00654382
16 -0.00717267
17 -0.00779473
18 -0.00818599
19 -0.00867341
20 -0.00945468
21 -0.0101937
22 -0.0105847
23 -0.0111925
24 -0.0115083
25 -0.0120602
26 -0.0137097
27 -0.0146048
28 -0.0186687
29 -0.023748
30 -0.0264796
31 -0.0288183
32 -0.0260687
33 -0.0341209
34 -0.0390456
35 -0.0406333
36 -0.0459603
37 -0.0497349
38 -0.0582234
39 -0.0617336
40 -0.0652473
41 -0.0716073
42 -0.0704158
43 -0.0794049
44 -0.0846155
45 -0.0755444
46 -0.0677429
47 -0.0729599
48 -0.0660298
49 -0.0572581
50 -0.0512224
51 -0.0404665
52 -0.0298766
53 -0.0238539
54 -0.0159133
55 -0.0213583
56 -0.0223758
57 -0.0360788
58 -0.0543308
59 -0.0583405
60 -0.0709874
61 -0.0730939
62 -0.0786173
63 -0.0776427
64 -0.0855021
65 -0.0939602
66 -0.105091
67 -0.10708
68 -0.10017
69 -0.110169
70 -0.112803
71 -0.11171
72 -0.117783
73 -0.124378
74 -0.124453
