0 4.16667
1 4.16698
2 4.1677
3 4.16876
4 4.16983
5 4.17069
6 4.17183
7 4.17269
8 4.17384
9 4.17502
10 4.17619
11 4.17746
12 4.17894
13 4.18044
14 4.18173
15 4.18316
16 4.18459
17 4.1862
18 4.18759
19 4.18908
20 4.19055
21 4.19229
22 4.19383
23 4.19589
24 4.19706
25 4.19851
26 4.20044
27 4.20122
28 4.2006
29 4.19741
30 4.19637
31 4.19917
32 4.19814
33 4.19277
34 4.18308
35 4.17965
36 4.17722
37 4.17168
38 4.16099
39 4.15228
40 4.15187
41 4.15781
42 4.15847
43 4.15475
44 4.15593
45 4.12761
46 4.09012
47 4.06288
48 4.05097
49 4.04595
50 4.01612
51 3.9867
52 3.97242
53 3.95955
54 3.93847
55 3.92185
56 3.897
57 3.86552
58 3.8434
59 3.79345
60 3.756
61 3.66051
62 3.61084
63 3.55113
64 3.50613
65 3.43641
66 3.4098
67 3.37626
68 3.31475
69 3.22167
70 3.15189
71 3.10427
72 3.08505
73 3.05867
74 3.06937
