0 1.09256
1 1.07535
2 1.05799
3 1.04044
4 1.02263
5 1.0045
6 0.986234
7 0.967661
8 0.948959
9 0.930067
10 0.910984
11 0.891744
12 0.872411
13 0.852962
14 0.833346
15 0.813653
16 0.793851
17 0.774038
18 0.754081
19 0.734147
20 0.71424
21 0.694488
22 0.674475
23 0.654686
24 0.634409
25 0.614689
26 0.596389
27 0.577158
28 0.560512
29 0.543348
30 0.525173
31 0.50817
32 0.487848
33 0.474814
34 0.457703
35 0.440006
36 0.425195
37 0.41092
38 0.399383
39 0.387888
40 0.374412
41 0.364761
42 0.351881
43 0.33843
44 0.325831
45 0.310993
46 0.299808
47 0.288425
48 0.277471
49 0.268996
50 0.256946
51 0.245116
52 0.235776
53 0.227039
54 0.217983
55 0.206366
56 0.194138
57 0.182166
58 0.171996
59 0.165448
60 0.156665
61 0.147206
62 0.138346
63 0.131781
64 0.122105
65 0.116487
66 0.110149
67 0.102799
68 0.095675
69 0.0897792
70 0.0848014
71 0.0818697
72 0.0773532
73 0.0711344
74 0.0677955
