0 -0.304283
1 -0.306014
2 -0.307728
3 -0.309431
4 -0.311148
5 -0.312872
6 -0.31461
7 -0.31635
8 -0.318095
9 -0.319848
10 -0.321626
11 -0.323394
12 -0.325154
13 -0.326938
14 -0.328711
15 -0.33046
16 -0.3322
17 -0.333957
18 -0.335695
19 -0.337431
20 -0.339173
21 -0.340899
22 -0.342624
23 -0.344328
24 -0.346071
25 -0.347808
26 -0.349533
27 -0.351244
28 -0.352943
29 -0.354626
30 -0.356296
31 -0.357966
32 -0.359636
33 -0.361302
34 -0.362958
35 -0.364599
36 -0.366221
37 -0.367822
38 -0.369406
39 -0.370962
40 -0.372532
41 -0.374092
42 -0.375668
43 -0.377228
44 -0.378774
45 -0.380299
46 -0.381817
47 -0.383321
48 -0.384822
49 -0.386308
50 -0.387776
51 -0.389221
52 -0.390688
53 -0.392144
54 -0.393602
55 -0.395044
56 -0.396469
57 -0.397896
58 -0.399304
59 -0.400725
60 -0.402143
61 -0.403557
62 -0.404966
63 -0.406368
64 -0.407761
65 -0.409141
66 -0.410526
67 -0.4119
68 -0.413262
69 -0.41461
70 -0.415943
71 -0.417254
72 -0.418587
73 -0.419911
74 -0.421228
75 -0.422537
76 -0.42384
77 -0.425138
78 -0.426429
79 -0.427714
80 -0.428993
81 -0.430264
82 -0.431526
83 -0.432782
84 -0.434037
85 -0.435292
86 -0.436546
87 -0.437794
88 -0.439035
89 -0.440268
90 -0.441492
91 -0.442706
92 -0.443911
93 -0.445107
94 -0.446295
95 -0.44748
96 -0.448665
97 -0.449848
98 -0.451026
99 -0.452198
100 -0.453362
101 -0.454519
102 -0.455685
103 -0.456847
104 -0.458004
105 -0.459157
106 -0.460305
107 -0.461447
108 -0.462585
109 -0.463718
110 -0.464845
111 -0.465967
112 -0.467084
113 -0.468197
114 -0.469306
115 -0.470409
116 -0.471508
117 -0.472602
118 -0.473692
119 -0.474777
120 -0.475858
121 -0.476935
122 -0.478008
123 -0.479077
124 -0.480142
125 -0.481201
126 -0.482249
127 -0.483296
128 -0.484345
129 -0.485404
130 -0.486477
131 -0.487557
132 -0.488645
133 -0.489733
134 -0.49082
135 -0.491904
136 -0.492984
137 -0.494061
138 -0.495137
139 -0.496213
140 -0.497291
141 -0.49837
142 -0.499453
143 -0.50054
144 -0.501629
145 -0.502721
146 -0.503816
147 -0.504911
148 -0.506008
149 -0.507104
150 -0.508199
151 -0.509292
152 -0.510383
153 -0.511471
154 -0.512557
155 -0.51364
156 -0.51472
157 -0.515798
158 -0.516873
159 -0.517946
160 -0.519018
161 -0.520087
162 -0.521156
163 -0.522224
164 -0.523292
165 -0.524362
166 -0.525433
167 -0.526506
168 -0.527583
169 -0.528665
170 -0.529752
171 -0.530847
172 -0.53195
173 -0.533062
174 -0.534186
175 -0.535324
176 -0.536477
177 -0.537643
178 -0.53882
179 -0.540006
180 -0.5412
181 -0.542398
182 -0.543597
183 -0.544791
184 -0.545976
185 -0.547146
186 -0.548297
187 -0.549427
188 -0.550534
189 -0.551616
190 -0.552675
191 -0.553711
192 -0.554727
193 -0.555726
194 -0.556712
195 -0.557687
196 -0.558654
197 -0.559616
198 -0.560574
199 -0.56153
200 -0.562482
201 -0.563431
202 -0.564374
203 -0.565311
204 -0.566241
205 -0.567164
206 -0.56808
207 -0.568988
208 -0.569891
209 -0.570788
210 -0.571682
211 -0.572574
212 -0.573467
213 -0.574366
214 -0.575276
215 -0.576203
216 -0.577154
217 -0.578134
218 -0.57915
219 -0.580205
220 -0.581301
221 -0.582438
222 -0.583611
223 -0.584805
224 -0.585999
225 -0.587197
226 -0.58835
227 -0.589438
228 -0.59045
229 -0.591386
230 -0.592206
231 -0.59293
232 -0.593558
233 -0.594101
234 -0.594568
235 -0.594958
236 -0.595299
237 -0.595583
238 -0.595842
239 -0.596058
240 -0.596219
241 -0.596326
242 -0.596376
243 -0.596367
244 -0.596324
245 -0.59624
246 -0.596125
247 -0.595993
248 -0.595854
249 -0.595715
250 -0.595574
251 -0.59541
252 -0.595188
253 -0.594889
254 -0.594507
255 -0.594034
256 -0.593463
257 -0.5928
258 -0.592061
259 -0.591271
260 -0.590462
261 -0.589667
262 -0.588912
263 -0.588217
264 -0.587594
265 -0.587039
266 -0.586545
267 -0.586106
268 -0.585713
269 -0.58536
270 -0.585035
271 -0.584729
272 -0.584431
273 -0.584136
274 -0.583841
275 -0.583533
276 -0.583206
277 -0.582863
278 -0.58251
279 -0.582154
280 -0.581796
281 -0.581445
282 -0.581105
283 -0.580777
284 -0.580463
285 -0.580163
286 -0.579873
287 -0.579597
288 -0.579334
289 -0.579086
290 -0.578853
291 -0.578669
292 -0.57852
293 -0.578416
294 -0.578358
295 -0.578342
296 -0.578391
297 -0.578519
298 -0.578723
299 -0.579008
300 -0.579354
301 -0.579737
302 -0.580162
303 -0.580625
304 -0.58112
305 -0.581632
306 -0.582126
307 -0.582576
308 -0.582966
309 -0.58328
310 -0.583523
311 -0.58371
312 -0.583841
313 -0.583904
314 -0.583883
315 -0.583756
316 -0.583511
317 -0.58312
318 -0.58259
319 -0.581906
320 -0.581144
321 -0.580353
322 -0.579553
323 -0.578742
324 -0.577904
325 -0.577036
326 -0.576156
327 -0.575279
328 -0.574433
329 -0.573632
330 -0.572885
331 -0.572207
332 -0.571613
333 -0.571126
334 -0.570747
335 -0.570472
336 -0.570259
337 -0.570052
338 -0.569795
339 -0.569456
340 -0.569006
341 -0.568448
342 -0.567802
343 -0.567099
344 -0.566363
345 -0.565632
346 -0.564945
347 -0.564331
348 -0.563805
349 -0.56337
350 -0.563015
351 -0.562727
352 -0.56249
353 -0.562288
354 -0.562109
355 -0.561946
356 -0.561792
357 -0.561644
358 -0.561504
359 -0.561359
360 -0.561214
361 -0.561068
362 -0.560914
363 -0.560738
364 -0.560527
365 -0.560272
366 -0.559972
367 -0.559611
368 -0.559264
369 -0.55885
370 -0.558413
371 -0.557999
372 -0.557638
373 -0.557334
374 -0.557088
375 -0.556893
376 -0.556749
377 -0.55666
378 -0.556622
379 -0.556634
380 -0.556672
381 -0.556715
382 -0.556748
383 -0.556758
384 -0.556741
385 -0.55671
386 -0.556682
387 -0.55668
388 -0.556713
389 -0.556796
390 -0.556944
391 -0.55717
392 -0.557494
393 -0.557939
394 -0.55852
395 -0.559201
396 -0.559909
397 -0.560597
398 -0.561258
399 -0.561907
400 -0.562562
401 -0.563232
402 -0.563907
403 -0.564555
404 -0.565132
405 -0.565616
406 -0.566003
407 -0.566309
408 -0.566561
409 -0.566768
410 -0.566941
411 -0.567079
412 -0.567171
413 -0.567206
414 -0.567153
415 -0.566977
416 -0.566645
417 -0.566153
418 -0.565528
419 -0.564775
420 -0.563902
421 -0.562893
422 -0.561699
423 -0.560286
424 -0.558637
425 -0.556773
426 -0.554736
427 -0.552656
428 -0.550666
429 -0.548895
430 -0.547423
431 -0.546292
432 -0.545492
433 -0.544975
434 -0.544656
435 -0.544376
436 -0.544093
437 -0.543831
438 -0.543632
439 -0.543525
440 -0.543527
441 -0.543637
442 -0.543821
443 -0.544021
444 -0.54417
445 -0.544198
446 -0.544051
447 -0.543703
448 -0.543224
449 -0.54264
450 -0.541937
451 -0.541128
452 -0.540257
453 -0.539423
454 -0.538705
455 -0.538123
456 -0.537654
457 -0.537171
458 -0.536505
459 -0.535578
460 -0.534326
461 -0.532742
462 -0.530811
463 -0.528647
464 -0.526417
465 -0.524338
466 -0.522538
467 -0.521045
468 -0.519855
469 -0.518938
470 -0.518245
471 -0.517745
472 -0.517406
473 -0.517219
474 -0.517176
475 -0.517273
476 -0.517497
477 -0.517808
478 -0.518143
479 -0.518438
480 -0.518673
481 -0.518846
482 -0.518966
483 -0.519041
484 -0.51912
485 -0.519249
486 -0.519496
487 -0.519909
488 -0.520532
489 -0.521382
490 -0.52236
491 -0.523297
492 -0.524058
493 -0.524621
494 -0.525122
495 -0.525696
496 -0.526367
497 -0.527111
498 -0.527879
499 -0.528592
500 -0.529178
501 -0.529595
502 -0.529848
503 -0.530031
504 -0.530304
505 -0.530822
506 -0.531625
507 -0.532618
508 -0.533705
509 -0.534809
510 -0.535928
511 -0.537045
512 -0.538108
513 -0.539073
514 -0.539832
515 -0.540293
516 -0.54043
517 -0.540284
518 -0.539987
519 -0.539725
520 -0.539534
521 -0.539408
522 -0.539349
523 -0.539411
524 -0.539424
525 -0.539341
526 -0.539151
527 -0.53888
528 -0.53862
529 -0.538447
530 -0.538396
531 -0.538441
532 -0.538498
533 -0.538523
534 -0.538491
535 -0.538441
536 -0.538441
537 -0.538537
538 -0.53878
539 -0.53914
540 -0.53953
541 -0.539889
542 -0.54018
543 -0.540382
544 -0.54049
545 -0.540503
546 -0.540436
547 -0.540306
548 -0.54012
549 -0.539877
550 -0.539611
551 -0.539327
552 -0.539026
553 -0.538673
554 -0.538313
555 -0.537989
556 -0.537786
557 -0.537798
558 -0.538048
559 -0.538624
560 -0.539407
561 -0.540252
562 -0.541205
563 -0.542321
564 -0.54356
565 -0.544705
566 -0.545696
567 -0.546475
568 -0.547151
569 -0.547793
570 -0.548349
571 -0.548758
572 -0.549134
573 -0.549613
574 -0.550118
575 -0.550559
576 -0.55094
577 -0.551545
578 -0.552627
579 -0.553988
580 -0.555279
581 -0.556208
582 -0.556939
583 -0.557761
584 -0.558767
585 -0.559991
586 -0.56141
587 -0.562899
588 -0.564347
589 -0.565527
590 -0.566479
591 -0.567308
592 -0.568016
593 -0.568643
594 -0.569354
595 -0.570339
596 -0.571625
597 -0.573071
598 -0.574465
599 -0.57562
600 -0.576666
601 -0.577658
602 -0.578459
603 -0.57911
604 -0.579744
605 -0.580468
606 -0.581441
607 -0.582675
608 -0.584089
609 -0.585609
610 -0.587179
611 -0.588744
612 -0.59023
613 -0.591556
614 -0.592669
615 -0.59351
616 -0.594072
617 -0.59446
618 -0.594836
619 -0.595258
620 -0.595713
621 -0.596174
622 -0.596596
623 -0.596923
624 -0.597088
625 -0.597083
626 -0.596932
627 -0.596698
628 -0.596469
629 -0.596408
630 -0.596571
631 -0.596939
632 -0.597453
633 -0.597997
634 -0.598563
635 -0.599147
636 -0.599731
637 -0.600273
638 -0.60077
639 -0.601252
640 -0.601797
641 -0.602512
642 -0.60352
643 -0.604908
644 -0.606527
645 -0.608028
646 -0.609282
647 -0.610389
648 -0.611468
649 -0.612596
650 -0.613808
651 -0.615055
652 -0.616253
653 -0.617338
654 -0.618277
655 -0.619124
656 -0.619996
657 -0.621024
658 -0.622244
659 -0.623601
660 -0.625001
661 -0.626382
662 -0.627706
663 -0.628985
664 -0.630303
665 -0.631667
666 -0.632985
667 -0.63418
668 -0.635263
669 -0.636379
670 -0.637806
671 -0.639803
672 -0.642286
673 -0.644719
674 -0.646565
675 -0.64788
676 -0.648941
677 -0.649916
678 -0.65081
679 -0.651559
680 -0.652205
681 -0.652876
682 -0.653712
683 -0.654742
684 -0.65586
685 -0.656992
686 -0.658228
687 -0.659668
688 -0.661129
689 -0.662214
690 -0.662651
691 -0.662479
692 -0.662016
693 -0.661523
694 -0.661056
695 -0.66066
696 -0.660412
697 -0.660339
698 -0.660392
699 -0.660514
700 -0.660758
701 -0.661274
702 -0.66203
703 -0.662702
704 -0.663057
705 -0.663277
706 -0.663561
707 -0.663977
708 -0.664575
709 -0.665497
710 -0.666812
711 -0.668651
712 -0.670993
713 -0.673579
714 -0.676042
715 -0.678113
716 -0.679654
717 -0.68083
718 -0.682059
719 -0.683653
720 -0.685502
721 -0.687132
722 -0.688157
723 -0.688572
724 -0.688428
725 -0.6881
726 -0.687731
727 -0.687466
728 -0.687417
729 -0.687585
730 -0.687803
731 -0.688017
732 -0.688327
733 -0.688832
734 -0.689444
735 -0.690063
736 -0.690584
737 -0.691013
738 -0.691455
739 -0.692049
740 -0.692884
741 -0.693935
742 -0.695034
743 -0.695984
744 -0.696643
745 -0.696982
746 -0.697142
747 -0.697351
748 -0.697677
749 -0.698058
750 -0.698438
751 -0.698805
752 -0.6992
753 -0.699511
754 -0.699461
755 -0.699097
756 -0.698619
757 -0.698304
758 -0.698146
759 -0.698061
760 -0.69809
761 -0.698325
762 -0.698888
763 -0.699765
764 -0.700866
765 -0.701996
766 -0.702922
767 -0.702923
768 -0.702501
769 -0.702457
770 -0.702959
771 -0.703474
772 -0.70373
773 -0.704352
774 -0.70542
775 -0.706724
776 -0.708096
777 -0.709512
778 -0.710907
779 -0.712192
780 -0.713251
781 -0.713996
782 -0.714383
783 -0.714496
784 -0.71445
785 -0.714359
786 -0.714453
787 -0.715005
788 -0.71627
789 -0.717944
790 -0.719737
791 -0.721355
792 -0.722786
793 -0.723993
794 -0.724652
795 -0.724845
796 -0.725113
797 -0.725692
798 -0.7265
799 -0.727176
