0 0.724568
1 0.7255
2 0.726426
3 0.727349
4 0.728277
5 0.729208
6 0.730145
7 0.731084
8 0.732027
9 0.732972
10 0.733927
11 0.73488
12 0.735832
13 0.736792
14 0.73775
15 0.738704
16 0.739656
17 0.740614
18 0.741568
19 0.742523
20 0.74348
21 0.744434
22 0.745388
23 0.746338
24 0.747298
25 0.748256
26 0.749211
27 0.750164
28 0.751113
29 0.752058
30 0.753
31 0.753941
32 0.754882
33 0.755822
34 0.756759
35 0.757692
36 0.75862
37 0.759544
38 0.760463
39 0.761376
40 0.762292
41 0.763205
42 0.764121
43 0.765033
44 0.765942
45 0.766847
46 0.767751
47 0.768652
48 0.769553
49 0.770451
50 0.771346
51 0.772237
52 0.773132
53 0.774026
54 0.77492
55 0.775812
56 0.776701
57 0.777591
58 0.778479
59 0.779368
60 0.780258
61 0.781147
62 0.782035
63 0.782923
64 0.783809
65 0.784694
66 0.785579
67 0.786463
68 0.787344
69 0.788223
70 0.7891
71 0.789974
72 0.790851
73 0.791725
74 0.792598
75 0.793469
76 0.794339
77 0.795207
78 0.796074
79 0.79694
80 0.797804
81 0.798667
82 0.799527
83 0.800387
84 0.801246
85 0.802104
86 0.802962
87 0.803818
88 0.804673
89 0.805527
90 0.80638
91 0.807231
92 0.808081
93 0.80893
94 0.809778
95 0.810625
96 0.811472
97 0.812319
98 0.813165
99 0.814011
100 0.814856
101 0.8157
102 0.816544
103 0.817388
104 0.818231
105 0.819073
106 0.819915
107 0.820757
108 0.821598
109 0.822439
110 0.823279
111 0.824119
112 0.824959
113 0.825798
114 0.826637
115 0.827476
116 0.828315
117 0.829154
118 0.829992
119 0.830831
120 0.831669
121 0.832508
122 0.833346
123 0.834185
124 0.835023
125 0.835863
126 0.836702
127 0.837539
128 0.838375
129 0.839207
130 0.840038
131 0.840868
132 0.841697
133 0.842524
134 0.84335
135 0.844174
136 0.844998
137 0.84582
138 0.846641
139 0.847462
140 0.848281
141 0.849099
142 0.849915
143 0.850731
144 0.851544
145 0.852356
146 0.853165
147 0.853973
148 0.854779
149 0.855582
150 0.856383
151 0.857183
152 0.85798
153 0.858775
154 0.859567
155 0.860358
156 0.861147
157 0.861934
158 0.862718
159 0.863501
160 0.864282
161 0.86506
162 0.865837
163 0.866612
164 0.867384
165 0.868155
166 0.868923
167 0.86969
168 0.870454
169 0.871217
170 0.871977
171 0.872736
172 0.873492
173 0.874246
174 0.874999
175 0.875749
176 0.876498
177 0.877244
178 0.877986
179 0.878726
180 0.87946
181 0.880188
182 0.88091
183 0.881624
184 0.882328
185 0.883023
186 0.883707
187 0.88438
188 0.885042
189 0.885692
190 0.886331
191 0.886957
192 0.887571
193 0.888173
194 0.888762
195 0.889339
196 0.889905
197 0.890458
198 0.891001
199 0.891532
200 0.892052
201 0.892562
202 0.893063
203 0.893553
204 0.894034
205 0.894505
206 0.894966
207 0.895419
208 0.895861
209 0.896295
210 0.896719
211 0.897133
212 0.897538
213 0.897933
214 0.89832
215 0.898696
216 0.899062
217 0.899418
218 0.899764
219 0.9001
220 0.900427
221 0.900743
222 0.901048
223 0.90134
224 0.901614
225 0.901866
226 0.902093
227 0.902291
228 0.902459
229 0.902593
230 0.902694
231 0.902761
232 0.902796
233 0.9028
234 0.902773
235 0.902716
236 0.902629
237 0.902514
238 0.902369
239 0.902195
240 0.901994
241 0.901766
242 0.901511
243 0.901232
244 0.900931
245 0.900613
246 0.900284
247 0.899949
248 0.89961
249 0.899272
250 0.898934
251 0.898595
252 0.898251
253 0.897901
254 0.897536
255 0.897152
256 0.896745
257 0.896313
258 0.895857
259 0.895379
260 0.894885
261 0.894378
262 0.893863
263 0.893346
264 0.892828
265 0.892312
266 0.891801
267 0.891293
268 0.89079
269 0.890289
270 0.889788
271 0.889285
272 0.888775
273 0.888256
274 0.887725
275 0.88718
276 0.886618
277 0.88604
278 0.885446
279 0.884838
280 0.88422
281 0.883592
282 0.882957
283 0.882315
284 0.881668
285 0.881014
286 0.880353
287 0.879685
288 0.879008
289 0.878323
290 0.877629
291 0.876922
292 0.876207
293 0.875482
294 0.874745
295 0.874
296 0.873251
297 0.872503
298 0.87176
299 0.871022
300 0.870287
301 0.869551
302 0.868812
303 0.868065
304 0.867305
305 0.866527
306 0.865728
307 0.864907
308 0.864065
309 0.863208
310 0.862342
311 0.861473
312 0.860603
313 0.859733
314 0.858861
315 0.857986
316 0.857108
317 0.856226
318 0.855344
319 0.854471
320 0.853611
321 0.852761
322 0.851919
323 0.85108
324 0.850244
325 0.849416
326 0.848604
327 0.84781
328 0.847036
329 0.846274
330 0.845517
331 0.844754
332 0.84398
333 0.843194
334 0.842396
335 0.841589
336 0.840773
337 0.839945
338 0.839105
339 0.838255
340 0.837394
341 0.836527
342 0.835662
343 0.834802
344 0.833951
345 0.833109
346 0.832274
347 0.83144
348 0.830604
349 0.82976
350 0.828908
351 0.828047
352 0.827179
353 0.826305
354 0.825427
355 0.82455
356 0.823675
357 0.822805
358 0.821941
359 0.821082
360 0.820232
361 0.819391
362 0.818562
363 0.817745
364 0.816943
365 0.816157
366 0.815392
367 0.814644
368 0.813926
369 0.813221
370 0.812519
371 0.811814
372 0.811094
373 0.810344
374 0.809553
375 0.808717
376 0.80784
377 0.806933
378 0.805996
379 0.805035
380 0.804046
381 0.803029
382 0.801984
383 0.800912
384 0.799811
385 0.798682
386 0.797524
387 0.796341
388 0.795136
389 0.793921
390 0.792703
391 0.791492
392 0.790298
393 0.789131
394 0.787996
395 0.786884
396 0.785767
397 0.784629
398 0.78347
399 0.7823
400 0.78113
401 0.779968
402 0.778811
403 0.777647
404 0.776457
405 0.775229
406 0.773967
407 0.772686
408 0.771408
409 0.770148
410 0.768921
411 0.767736
412 0.766598
413 0.765507
414 0.764454
415 0.763435
416 0.762457
417 0.761536
418 0.760704
419 0.759976
420 0.759353
421 0.758811
422 0.758302
423 0.757767
424 0.757155
425 0.756434
426 0.755604
427 0.754727
428 0.753865
429 0.753078
430 0.75238
431 0.751754
432 0.75115
433 0.75051
434 0.749771
435 0.748853
436 0.747734
437 0.746416
438 0.744917
439 0.743251
440 0.741442
441 0.739519
442 0.737516
443 0.735462
444 0.733384
445 0.731307
446 0.729266
447 0.727317
448 0.725558
449 0.724054
450 0.722813
451 0.721816
452 0.721029
453 0.720397
454 0.71987
455 0.719409
456 0.71899
457 0.718564
458 0.718086
459 0.717601
460 0.717165
461 0.716857
462 0.716742
463 0.716861
464 0.717215
465 0.717744
466 0.718326
467 0.718857
468 0.719297
469 0.719658
470 0.719966
471 0.720258
472 0.720574
473 0.72092
474 0.721296
475 0.721717
476 0.722203
477 0.722775
478 0.723447
479 0.724229
480 0.725118
481 0.726086
482 0.727092
483 0.728108
484 0.729153
485 0.730264
486 0.731448
487 0.732668
488 0.733878
489 0.735062
490 0.736287
491 0.737655
492 0.739156
493 0.74063
494 0.741902
495 0.742887
496 0.743616
497 0.744212
498 0.74487
499 0.74575
500 0.746994
501 0.748713
502 0.750901
503 0.753481
504 0.75632
505 0.759229
506 0.762004
507 0.764558
508 0.766816
509 0.768719
510 0.7703
511 0.771611
512 0.772619
513 0.773227
514 0.773317
515 0.772786
516 0.77171
517 0.770366
518 0.769136
519 0.768367
520 0.768142
521 0.768294
522 0.768464
523 0.768351
524 0.767847
525 0.767102
526 0.766366
527 0.76591
528 0.765854
529 0.766132
530 0.766573
531 0.76705
532 0.767511
533 0.767911
534 0.768234
535 0.768548
536 0.768929
537 0.769384
538 0.769968
539 0.770727
540 0.771636
541 0.772625
542 0.773632
543 0.774547
544 0.775297
545 0.775861
546 0.77623
547 0.776454
548 0.776493
549 0.776308
550 0.775858
551 0.775051
552 0.773837
553 0.772161
554 0.77011
555 0.767749
556 0.765177
557 0.762408
558 0.759371
559 0.756187
560 0.75315
561 0.750488
562 0.748396
563 0.747053
564 0.746662
565 0.747443
566 0.748956
567 0.750468
568 0.751337
569 0.751234
570 0.750087
571 0.747972
572 0.74526
573 0.742412
574 0.739538
575 0.736582
576 0.733588
577 0.730716
578 0.728189
579 0.72598
580 0.723807
581 0.721424
582 0.719
583 0.716739
584 0.714644
585 0.712845
586 0.711628
587 0.711131
588 0.711118
589 0.711123
590 0.711026
591 0.710715
592 0.710043
593 0.709013
594 0.707898
595 0.707004
596 0.706635
597 0.707164
598 0.70879
599 0.710834
600 0.712365
601 0.712905
602 0.712531
603 0.711823
604 0.711236
605 0.710888
606 0.710869
607 0.711106
608 0.711483
609 0.711927
610 0.712355
611 0.712726
612 0.713097
613 0.713575
614 0.714352
615 0.715502
616 0.717056
617 0.718939
618 0.721071
619 0.723323
620 0.72554
621 0.727587
622 0.729369
623 0.730828
624 0.731918
625 0.732689
626 0.733259
627 0.733777
628 0.734386
629 0.73522
630 0.736304
631 0.737609
632 0.739122
633 0.740769
634 0.742478
635 0.744199
636 0.745899
637 0.747515
638 0.748943
639 0.750085
640 0.750951
641 0.751618
642 0.752203
643 0.75279
644 0.753294
645 0.753521
646 0.75353
647 0.753518
648 0.753611
649 0.753856
650 0.75426
651 0.754772
652 0.75538
653 0.756124
654 0.757012
655 0.75805
656 0.759253
657 0.760604
658 0.761951
659 0.763108
660 0.763991
661 0.764612
662 0.764994
663 0.765193
664 0.765353
665 0.765547
666 0.765715
667 0.765814
668 0.765904
669 0.766138
670 0.766736
671 0.767745
672 0.76893
673 0.76997
674 0.77072
675 0.771329
676 0.771935
677 0.772572
678 0.773188
679 0.773731
680 0.774245
681 0.774846
682 0.775572
683 0.776269
684 0.77665
685 0.776624
686 0.776522
687 0.776759
688 0.777343
689 0.777926
690 0.778143
691 0.777814
692 0.777193
693 0.776537
694 0.775833
695 0.775059
696 0.77425
697 0.773411
698 0.772508
699 0.771555
700 0.770698
701 0.770191
702 0.770071
703 0.770081
704 0.770068
705 0.770231
706 0.770748
707 0.771633
708 0.772831
709 0.774391
710 0.776309
711 0.778566
712 0.781064
713 0.783628
714 0.786113
715 0.788493
716 0.790722
717 0.792721
718 0.794418
719 0.79563
720 0.796306
721 0.796904
722 0.797799
723 0.798777
724 0.799417
725 0.799665
726 0.799882
727 0.800416
728 0.801423
729 0.802866
730 0.804372
731 0.805553
732 0.806357
733 0.806902
734 0.807283
735 0.807626
736 0.808043
737 0.808635
738 0.80947
739 0.810646
740 0.812227
741 0.814012
742 0.815702
743 0.817147
744 0.818257
745 0.818918
746 0.819063
747 0.818874
748 0.818652
749 0.818416
750 0.818198
751 0.818035
752 0.817943
753 0.817892
754 0.817805
755 0.817518
756 0.817011
757 0.81638
758 0.815762
759 0.815325
760 0.814867
761 0.81431
762 0.813793
763 0.813343
764 0.813114
765 0.813137
766 0.813375
767 0.813753
768 0.814091
769 0.814615
770 0.815246
771 0.816095
772 0.816977
773 0.817773
774 0.818423
775 0.819014
776 0.819531
777 0.819825
778 0.81995
779 0.820035
780 0.820117
781 0.820178
782 0.82039
783 0.820706
784 0.821032
785 0.82132
786 0.821553
787 0.821738
788 0.822217
789 0.823089
790 0.824212
791 0.825524
792 0.82695
793 0.828458
794 0.829845
795 0.831099
796 0.83242
797 0.83389
798 0.83525
799 0.83627
0 0.830237
1 0.832374
2 0.834501
3 0.836624
4 0.838768
5 0.840927
6 0.843108
7 0.8453
8 0.847507
9 0.849728
10 0.851984
11 0.854239
12 0.856494
13 0.858781
14 0.861066
15 0.863335
16 0.865604
17 0.867898
18 0.87018
19 0.872469
20 0.87477
21 0.877064
22 0.879364
23 0.88165
24 0.883983
25 0.886317
26 0.888645
27 0.890966
28 0.893281
29 0.895584
30 0.897881
31 0.900184
32 0.902492
33 0.904803
34 0.907109
35 0.909404
36 0.911686
37 0.913951
38 0.916202
39 0.918431
40 0.920678
41 0.922921
42 0.925186
43 0.927438
44 0.929681
45 0.931907
46 0.934132
47 0.936346
48 0.938562
49 0.940768
50 0.94296
51 0.945133
52 0.947333
53 0.949527
54 0.951729
55 0.953919
56 0.956096
57 0.958279
58 0.960448
59 0.962636
60 0.964824
61 0.967014
62 0.969202
63 0.971388
64 0.973568
65 0.97574
66 0.977921
67 0.980094
68 0.982258
69 0.984411
70 0.986551
71 0.988672
72 0.99082
73 0.992961
74 0.995098
75 0.99723
76 0.999359
77 1.00148
78 1.00361
79 1.00572
80 1.00784
81 1.00995
82 1.01205
83 1.01415
84 1.01625
85 1.01835
86 1.02046
87 1.02256
88 1.02466
89 1.02675
90 1.02883
91 1.03091
92 1.03298
93 1.03504
94 1.0371
95 1.03915
96 1.04121
97 1.04327
98 1.04533
99 1.04738
100 1.04943
101 1.05147
102 1.05353
103 1.05558
104 1.05763
105 1.05968
106 1.06173
107 1.06377
108 1.06581
109 1.06785
110 1.06989
111 1.07192
112 1.07395
113 1.07598
114 1.078
115 1.08002
116 1.08204
117 1.08406
118 1.08608
119 1.08809
120 1.0901
121 1.09211
122 1.09412
123 1.09612
124 1.09813
125 1.10013
126 1.10212
127 1.10411
128 1.10611
129 1.10811
130 1.11013
131 1.11216
132 1.1142
133 1.11625
134 1.11829
135 1.12033
136 1.12237
137 1.1244
138 1.12644
139 1.12848
140 1.13052
141 1.13256
142 1.13461
143 1.13667
144 1.13873
145 1.14079
146 1.14286
147 1.14493
148 1.147
149 1.14907
150 1.15114
151 1.15321
152 1.15527
153 1.15734
154 1.1594
155 1.16146
156 1.16351
157 1.16557
158 1.16762
159 1.16967
160 1.17172
161 1.17377
162 1.17581
163 1.17786
164 1.17991
165 1.18195
166 1.18401
167 1.18606
168 1.18812
169 1.19019
170 1.19226
171 1.19435
172 1.19644
173 1.19855
174 1.20067
175 1.20281
176 1.20497
177 1.20714
178 1.20933
179 1.21153
180 1.21374
181 1.21595
182 1.21815
183 1.22035
184 1.22253
185 1.22469
186 1.22681
187 1.2289
188 1.23095
189 1.23296
190 1.23493
191 1.23687
192 1.23877
193 1.24063
194 1.24248
195 1.24429
196 1.24609
197 1.24787
198 1.24964
199 1.25139
200 1.25314
201 1.25487
202 1.25658
203 1.25828
204 1.25996
205 1.26163
206 1.26327
207 1.2649
208 1.26652
209 1.26812
210 1.26971
211 1.27129
212 1.27286
213 1.27444
214 1.27602
215 1.27761
216 1.27923
217 1.28088
218 1.28257
219 1.2843
220 1.28608
221 1.2879
222 1.28977
223 1.29165
224 1.29352
225 1.29538
226 1.29715
227 1.29881
228 1.30034
229 1.30174
230 1.30295
231 1.304
232 1.30488
233 1.30562
234 1.30623
235 1.3067
236 1.30708
237 1.30735
238 1.30755
239 1.30767
240 1.30769
241 1.30761
242 1.30742
243 1.30713
244 1.30677
245 1.30634
246 1.30585
247 1.30534
248 1.30481
249 1.30429
250 1.30375
251 1.30319
252 1.30255
253 1.30179
254 1.30091
255 1.29988
256 1.2987
257 1.29737
258 1.29592
259 1.29437
260 1.29279
261 1.29121
262 1.28968
263 1.28823
264 1.28687
265 1.28561
266 1.28444
267 1.28334
268 1.28232
269 1.28134
270 1.28041
271 1.2795
272 1.27859
273 1.27768
274 1.27675
275 1.2758
276 1.2748
277 1.27376
278 1.2727
279 1.27162
280 1.27053
281 1.26943
282 1.26835
283 1.26727
284 1.26621
285 1.26516
286 1.26411
287 1.26308
288 1.26205
289 1.26104
290 1.26004
291 1.25909
292 1.25818
293 1.25731
294 1.2565
295 1.25573
296 1.25505
297 1.25447
298 1.254
299 1.25364
300 1.25336
301 1.25313
302 1.25295
303 1.25282
304 1.25272
305 1.25262
306 1.25247
307 1.25225
308 1.25193
309 1.25149
310 1.25095
311 1.25033
312 1.24963
313 1.24884
314 1.24794
315 1.2469
316 1.2457
317 1.24429
318 1.24271
319 1.24092
320 1.23905
321 1.23715
322 1.23525
323 1.23334
324 1.2314
325 1.22943
326 1.22746
327 1.22551
328 1.22363
329 1.22182
330 1.22008
331 1.21843
332 1.21688
333 1.21546
334 1.21417
335 1.213
336 1.21191
337 1.21081
338 1.20964
339 1.20835
340 1.2069
341 1.20531
342 1.20361
343 1.20184
344 1.20004
345 1.19825
346 1.19653
347 1.1949
348 1.19339
349 1.19199
350 1.19068
351 1.18945
352 1.18827
353 1.18714
354 1.18603
355 1.18495
356 1.18387
357 1.18281
358 1.18177
359 1.18073
360 1.17969
361 1.17866
362 1.17764
363 1.17659
364 1.17552
365 1.17441
366 1.17326
367 1.17205
368 1.17089
369 1.16966
370 1.1684
371 1.16716
372 1.16599
373 1.16485
374 1.16374
375 1.16266
376 1.1616
377 1.16058
378 1.1596
379 1.15865
380 1.15771
381 1.15675
382 1.15574
383 1.15469
384 1.15356
385 1.15239
386 1.1512
387 1.15001
388 1.14885
389 1.14774
390 1.14671
391 1.14579
392 1.14501
393 1.14441
394 1.14401
395 1.14377
396 1.14355
397 1.1433
398 1.14298
399 1.14265
400 1.14232
401 1.14202
402 1.14173
403 1.1414
404 1.14095
405 1.14035
406 1.13959
407 1.1387
408 1.13775
409 1.13676
410 1.13575
411 1.13475
412 1.13373
413 1.13268
414 1.13156
415 1.13031
416 1.12891
417 1.12735
418 1.12571
419 1.12401
420 1.12226
421 1.12042
422 1.11838
423 1.11604
424 1.11332
425 1.11023
426 1.10681
427 1.10331
428 1.09994
429 1.09693
430 1.09439
431 1.09235
432 1.09075
433 1.08947
434 1.08833
435 1.08707
436 1.08559
437 1.08395
438 1.08221
439 1.08041
440 1.0786
441 1.07681
442 1.07504
443 1.07323
444 1.07134
445 1.0693
446 1.06707
447 1.06469
448 1.06234
449 1.06011
450 1.058
451 1.056
452 1.05414
453 1.05248
454 1.05107
455 1.04989
456 1.0489
457 1.04788
458 1.04659
459 1.04497
460 1.04301
461 1.04077
462 1.03831
463 1.03581
464 1.03348
465 1.03152
466 1.02995
467 1.0287
468 1.02773
469 1.027
470 1.02649
471 1.02619
472 1.0261
473 1.02623
474 1.02655
475 1.02709
476 1.02784
477 1.02878
478 1.02985
479 1.03098
480 1.03215
481 1.03332
482 1.03447
483 1.03557
484 1.03671
485 1.03797
486 1.03945
487 1.04116
488 1.04311
489 1.04531
490 1.0477
491 1.05018
492 1.05259
493 1.05474
494 1.05661
495 1.05829
496 1.05982
497 1.06131
498 1.06289
499 1.06463
500 1.06659
501 1.06881
502 1.0713
503 1.0741
504 1.07727
505 1.08081
506 1.08456
507 1.08832
508 1.0919
509 1.09515
510 1.0981
511 1.10078
512 1.10309
513 1.10488
514 1.10591
515 1.10594
516 1.10504
517 1.10351
518 1.10192
519 1.10082
520 1.10036
521 1.10036
522 1.10046
523 1.10042
524 1.09993
525 1.09909
526 1.09812
527 1.09733
528 1.09695
529 1.09702
530 1.0974
531 1.09793
532 1.09846
533 1.09889
534 1.09917
535 1.09943
536 1.09981
537 1.10038
538 1.10126
539 1.10246
540 1.10385
541 1.10529
542 1.10665
543 1.10782
544 1.1087
545 1.10928
546 1.10956
547 1.10963
548 1.10944
549 1.10895
550 1.10817
551 1.10702
552 1.10543
553 1.10332
554 1.10083
555 1.09807
556 1.09525
557 1.0925
558 1.08977
559 1.08729
560 1.08522
561 1.08359
562 1.08268
563 1.08272
564 1.08386
565 1.08606
566 1.08881
567 1.09129
568 1.09301
569 1.09371
570 1.09325
571 1.09165
572 1.08941
573 1.08716
574 1.08492
575 1.08252
576 1.08001
577 1.07789
578 1.07673
579 1.07624
580 1.0757
581 1.0745
582 1.073
583 1.07179
584 1.07098
585 1.07074
586 1.07134
587 1.07275
588 1.0746
589 1.07613
590 1.07726
591 1.07802
592 1.07827
593 1.07805
594 1.07786
595 1.07825
596 1.07955
597 1.08197
598 1.08542
599 1.08898
600 1.09189
601 1.09374
602 1.09442
603 1.09457
604 1.09482
605 1.09543
606 1.0967
607 1.09858
608 1.10084
609 1.10331
610 1.10584
611 1.10831
612 1.11069
613 1.11295
614 1.11523
615 1.11752
616 1.11984
617 1.12225
618 1.12489
619 1.12771
620 1.13055
621 1.13322
622 1.13558
623 1.13749
624 1.1388
625 1.13956
626 1.13993
627 1.14013
628 1.14042
629 1.14118
630 1.14248
631 1.14429
632 1.1465
633 1.14889
634 1.15137
635 1.15389
636 1.15639
637 1.15875
638 1.16086
639 1.16266
640 1.16428
641 1.16593
642 1.1679
643 1.1704
644 1.17314
645 1.17545
646 1.1772
647 1.17873
648 1.18033
649 1.18215
650 1.18425
651 1.18651
652 1.1888
653 1.19107
654 1.19328
655 1.19552
656 1.19795
657 1.20076
658 1.20384
659 1.20693
660 1.2098
661 1.2124
662 1.21467
663 1.21671
664 1.21876
665 1.22092
666 1.22299
667 1.22482
668 1.22648
669 1.22833
670 1.231
671 1.23492
672 1.23974
673 1.24436
674 1.24783
675 1.25038
676 1.25256
677 1.25464
678 1.25658
679 1.25824
680 1.25971
681 1.26131
682 1.26329
683 1.26552
684 1.26757
685 1.26924
686 1.271
687 1.2734
688 1.27619
689 1.27841
690 1.27928
691 1.2787
692 1.27738
693 1.27598
694 1.27457
695 1.27319
696 1.27201
697 1.27106
698 1.27024
699 1.26947
700 1.26898
701 1.26925
702 1.27028
703 1.2713
704 1.27182
705 1.27232
706 1.27327
707 1.27478
708 1.27689
709 1.27985
710 1.28376
711 1.28882
712 1.2949
713 1.30143
714 1.30771
715 1.31329
716 1.31791
717 1.32174
718 1.32535
719 1.32904
720 1.33261
721 1.33576
722 1.33826
723 1.33989
724 1.34031
725 1.34004
726 1.33968
727 1.33979
728 1.34073
729 1.34243
730 1.34428
731 1.3458
732 1.34709
733 1.34843
734 1.34977
735 1.35109
736 1.35233
737 1.35359
738 1.35513
739 1.35724
740 1.36014
741 1.36359
742 1.36702
743 1.36997
744 1.37213
745 1.37333
746 1.37373
747 1.37387
748 1.37417
749 1.37454
750 1.37493
751 1.37535
752 1.37589
753 1.37634
754 1.37617
755 1.3753
756 1.37403
757 1.3729
758 1.37203
759 1.37146
760 1.37104
761 1.37086
762 1.37124
763 1.37219
764 1.37373
765 1.37556
766 1.37728
767 1.37766
768 1.37732
769 1.37777
770 1.37921
771 1.38089
772 1.38218
773 1.38397
774 1.38634
775 1.38904
776 1.39177
777 1.39435
778 1.39674
779 1.39891
780 1.40072
781 1.40199
782 1.40283
783 1.40333
784 1.40358
785 1.40372
786 1.40411
787 1.4052
788 1.40774
789 1.41135
790 1.41542
791 1.41939
792 1.42318
793 1.42668
794 1.42915
795 1.43073
796 1.43249
797 1.43492
798 1.43762
799 1.43976
