0 0.0389529
1 0.0389594
2 0.0389638
3 0.0389659
4 0.0389654
5 0.0389624
6 0.0389567
7 0.0389487
8 0.0389381
9 0.0389249
10 0.0389088
11 0.0388905
12 0.0388699
13 0.0388463
14 0.0388206
15 0.0387928
16 0.0387629
17 0.0387301
18 0.0386953
19 0.038658
20 0.0386183
21 0.0385764
22 0.0385321
23 0.0384857
24 0.038436
25 0.038384
26 0.0383298
27 0.0382735
28 0.0382151
29 0.0381545
30 0.0380918
31 0.0380266
32 0.0379591
33 0.0378892
34 0.0378172
35 0.0377432
36 0.0376674
37 0.0375897
38 0.0375102
39 0.0374291
40 0.0373455
41 0.0372598
42 0.0371715
43 0.0370814
44 0.0369895
45 0.0368961
46 0.0368007
47 0.0367037
48 0.0366047
49 0.0365042
50 0.0364022
51 0.0362987
52 0.0361929
53 0.0360854
54 0.035976
55 0.0358653
56 0.0357532
57 0.0356393
58 0.0355241
59 0.0354068
60 0.035288
61 0.0351676
62 0.0350457
63 0.0349225
64 0.0347979
65 0.0346721
66 0.0345447
67 0.0344162
68 0.0342866
69 0.0341559
70 0.0340242
71 0.0338916
72 0.0337571
73 0.0336215
74 0.0334848
75 0.033347
76 0.0332081
77 0.0330681
78 0.032927
79 0.032785
80 0.0326419
81 0.0324979
82 0.0323531
83 0.0322074
84 0.0320607
85 0.0319129
86 0.0317643
87 0.0316149
88 0.0314648
89 0.0313141
90 0.031163
91 0.0310113
92 0.0308591
93 0.0307065
94 0.0305534
95 0.0303998
96 0.0302456
97 0.0300909
98 0.0299357
99 0.0297803
100 0.0296246
101 0.0294686
102 0.029312
103 0.0291552
104 0.0289982
105 0.028841
106 0.0286837
107 0.0285263
108 0.0283689
109 0.0282114
110 0.0280539
111 0.0278965
112 0.0277391
113 0.0275819
114 0.0274247
115 0.0272677
116 0.0271109
117 0.0269542
118 0.0267978
119 0.0266417
120 0.0264858
121 0.0263303
122 0.026175
123 0.0260202
124 0.0258657
125 0.0257116
126 0.0255581
127 0.0254051
128 0.0252525
129 0.0251002
130 0.0249481
131 0.0247963
132 0.0246448
133 0.0244938
134 0.0243435
135 0.0241938
136 0.0240448
137 0.0238965
138 0.0237488
139 0.0236019
140 0.0234557
141 0.0233101
142 0.0231652
143 0.0230209
144 0.0228774
145 0.0227346
146 0.0225926
147 0.0224515
148 0.0223111
149 0.0221717
150 0.0220331
151 0.0218956
152 0.021759
153 0.0216234
154 0.0214889
155 0.0213554
156 0.021223
157 0.0210917
158 0.0209614
159 0.0208323
160 0.0207044
161 0.0205775
162 0.0204518
163 0.0203273
164 0.0202039
165 0.0200817
166 0.0199607
167 0.0198408
168 0.0197222
169 0.0196047
170 0.0194885
171 0.0193734
172 0.0192596
173 0.019147
174 0.0190357
175 0.0189255
176 0.0188165
177 0.0187088
178 0.0186024
179 0.0184972
180 0.0183933
181 0.0182907
182 0.0181894
183 0.0180892
184 0.0179903
185 0.0178925
186 0.0177958
187 0.0177002
188 0.0176057
189 0.0175123
190 0.0174198
191 0.0173284
192 0.0172379
193 0.0171485
194 0.0170601
195 0.0169726
196 0.0168861
197 0.0168007
198 0.0167162
199 0.0166327
200 0.0165502
201 0.0164688
202 0.0163884
203 0.016309
204 0.0162307
205 0.0161534
206 0.0160771
207 0.0160018
208 0.0159275
209 0.0158543
210 0.0157819
211 0.0157105
212 0.01564
213 0.0155703
214 0.0155014
215 0.0154333
216 0.0153658
217 0.015299
218 0.0152328
219 0.0151672
220 0.0151023
221 0.015038
222 0.0149744
223 0.0149116
224 0.0148494
225 0.0147878
226 0.0147266
227 0.0146659
228 0.0146055
229 0.0145452
230 0.0144852
231 0.0144253
232 0.0143655
233 0.0143058
234 0.0142461
235 0.0141864
236 0.0141267
237 0.0140668
238 0.0140067
239 0.0139465
240 0.0138862
241 0.0138259
242 0.0137654
243 0.0137049
244 0.0136441
245 0.0135833
246 0.0135225
247 0.0134619
248 0.0134014
249 0.0133412
250 0.0132812
251 0.0132214
252 0.0131621
253 0.0131031
254 0.0130443
255 0.0129856
256 0.0129271
257 0.0128686
258 0.0128101
259 0.0127517
260 0.0126933
261 0.0126347
262 0.012576
263 0.0125172
264 0.0124584
265 0.0123994
266 0.0123404
267 0.0122815
268 0.0122226
269 0.0121639
270 0.0121053
271 0.0120469
272 0.0119886
273 0.0119306
274 0.0118728
275 0.0118155
276 0.0117583
277 0.0117013
278 0.0116442
279 0.0115869
280 0.0115292
281 0.0114709
282 0.0114121
283 0.0113526
284 0.0112924
285 0.0112315
286 0.0111698
287 0.0111073
288 0.0110441
289 0.0109804
290 0.0109164
291 0.0108519
292 0.0107875
293 0.0107234
294 0.01066
295 0.0105975
296 0.0105362
297 0.0104761
298 0.0104173
299 0.0103595
300 0.0103024
301 0.0102461
302 0.0101904
303 0.0101353
304 0.0100802
305 0.0100249
306 0.00996893
307 0.0099119
308 0.00985357
309 0.00979393
310 0.0097332
311 0.00967174
312 0.00960982
313 0.00954747
314 0.00948464
315 0.00942137
316 0.00935778
317 0.00929423
318 0.00923167
319 0.00917064
320 0.00911213
321 0.00905628
322 0.00900261
323 0.00895041
324 0.00889911
325 0.00884842
326 0.00879833
327 0.00874907
328 0.00870121
329 0.00865523
330 0.00861157
331 0.00857046
332 0.00853177
333 0.0084952
334 0.00846039
335 0.00842658
336 0.00839326
337 0.00835977
338 0.0083256
339 0.00829074
340 0.0082551
341 0.00821911
342 0.00818308
343 0.00814721
344 0.00811164
345 0.00807629
346 0.00804103
347 0.00800567
348 0.00797011
349 0.00793439
350 0.0078986
351 0.00786273
352 0.00782672
353 0.00779057
354 0.00775403
355 0.00771712
356 0.00767989
357 0.00764237
358 0.00760462
359 0.00756639
360 0.00752803
361 0.00748953
362 0.00745082
363 0.00741167
364 0.00737203
365 0.00733191
366 0.0072916
367 0.0072506
368 0.00721151
369 0.00717246
370 0.00713378
371 0.00709616
372 0.00705986
373 0.00702427
374 0.00698874
375 0.00695312
376 0.00691773
377 0.00688315
378 0.00684899
379 0.00681486
380 0.00677967
381 0.00674266
382 0.00670335
383 0.00666107
384 0.0066154
385 0.00656653
386 0.00651473
387 0.00646088
388 0.00640606
389 0.00635196
390 0.00630033
391 0.00625294
392 0.00621115
393 0.00617627
394 0.006149
395 0.00612776
396 0.00610941
397 0.0060917
398 0.00607391
399 0.00605652
400 0.0060403
401 0.00602593
402 0.00601348
403 0.00600184
404 0.0059892
405 0.0059742
406 0.00595684
407 0.00593805
408 0.00591888
409 0.00589998
410 0.00588197
411 0.00586494
412 0.00584897
413 0.00583376
414 0.00581786
415 0.00579964
416 0.00577759
417 0.00575083
418 0.00571969
419 0.00568336
420 0.00564125
421 0.00559275
422 0.00553639
423 0.00547144
424 0.00539811
425 0.0053179
426 0.0052336
427 0.00515134
428 0.00507599
429 0.00501161
430 0.00495884
431 0.00491704
432 0.00488396
433 0.00485647
434 0.0048306
435 0.00480071
436 0.00476502
437 0.00472384
438 0.00467807
439 0.00462856
440 0.00457579
441 0.00452018
442 0.00446195
443 0.0044008
444 0.00433628
445 0.00426817
446 0.00419715
447 0.00412532
448 0.0040573
449 0.00399549
450 0.00393985
451 0.00388967
452 0.00384475
453 0.00380549
454 0.00377175
455 0.00374263
456 0.00371671
457 0.00369007
458 0.00365848
459 0.00362136
460 0.0035784
461 0.00353058
462 0.00347968
463 0.00342909
464 0.00338207
465 0.00334191
466 0.00330932
467 0.00328287
468 0.00326028
469 0.00323928
470 0.00321907
471 0.00320026
472 0.00318395
473 0.00317122
474 0.00316271
475 0.00315879
476 0.00315875
477 0.0031609
478 0.00316327
479 0.00316459
480 0.00316511
481 0.00316561
482 0.00316693
483 0.00316968
484 0.00317493
485 0.00318294
486 0.00319411
487 0.00320908
488 0.00322925
489 0.00325522
490 0.00328369
491 0.00330855
492 0.00332465
493 0.00333167
494 0.00333427
495 0.00333762
496 0.00334382
497 0.00335335
498 0.0033648
499 0.00337529
500 0.00338178
501 0.00338218
502 0.00337595
503 0.00336527
504 0.003355
505 0.00335068
506 0.00335432
507 0.00336447
508 0.00337925
509 0.0033965
510 0.00341641
511 0.00343892
512 0.00346231
513 0.00348396
514 0.00349948
515 0.00350516
516 0.00349917
517 0.0034831
518 0.00346113
519 0.00343811
520 0.00341418
521 0.00338883
522 0.00336265
523 0.00333833
524 0.00331291
525 0.00328556
526 0.00325562
527 0.00322333
528 0.00319131
529 0.00316216
530 0.00313782
531 0.00311764
532 0.00309902
533 0.00308066
534 0.00306228
535 0.00304507
536 0.00303075
537 0.00302055
538 0.00301494
539 0.00301194
540 0.0030088
541 0.00300369
542 0.00299553
543 0.00298421
544 0.00296996
545 0.00295273
546 0.00293277
547 0.00291065
548 0.00288719
549 0.0028632
550 0.00284037
551 0.00282024
552 0.00280354
553 0.0027896
554 0.00277941
555 0.00277438
556 0.00277782
557 0.00279306
558 0.00281977
559 0.00285719
560 0.00289887
561 0.0029377
562 0.00297372
563 0.0030077
564 0.00303646
565 0.00305231
566 0.00305889
567 0.00306017
568 0.0030644
569 0.00307741
570 0.00309756
571 0.00312357
572 0.00316044
573 0.00320854
574 0.00325979
575 0.00330866
576 0.00335554
577 0.00341342
578 0.00349371
579 0.00358768
580 0.00368041
581 0.00375733
582 0.00382303
583 0.00389014
584 0.00396279
585 0.00403961
586 0.00411279
587 0.00417099
588 0.00420965
589 0.00422873
590 0.00424038
591 0.00425567
592 0.00427674
593 0.00430321
594 0.00433917
595 0.00438808
596 0.00444356
597 0.00449004
598 0.00451289
599 0.00451372
600 0.00451782
601 0.00454133
602 0.00457487
603 0.00460311
604 0.0046231
605 0.00463721
606 0.00465435
607 0.00467783
608 0.00470603
609 0.00473599
610 0.00476592
611 0.0047945
612 0.00481788
613 0.0048299
614 0.00482621
615 0.0048046
616 0.00476399
617 0.00470939
618 0.00465009
619 0.00459098
620 0.00453293
621 0.00447624
622 0.00442183
623 0.00437144
624 0.00432492
625 0.00427992
626 0.00423251
627 0.00418104
628 0.00412601
629 0.00407296
630 0.00402367
631 0.003979
632 0.00393845
633 0.00389872
634 0.00385829
635 0.00381682
636 0.00377507
637 0.00373488
638 0.00369988
639 0.00367256
640 0.00365348
641 0.00364282
642 0.0036417
643 0.00365193
644 0.0036713
645 0.00369113
646 0.00370422
647 0.0037091
648 0.00370828
649 0.00370465
650 0.00370068
651 0.0036973
652 0.00369267
653 0.00368294
654 0.00366556
655 0.00364224
656 0.0036168
657 0.00359297
658 0.00357434
659 0.00356318
660 0.00355855
661 0.00355767
662 0.00355841
663 0.00356058
664 0.00356496
665 0.00357055
666 0.0035748
667 0.00357567
668 0.00357259
669 0.00356588
670 0.00355588
671 0.00354565
672 0.00354146
673 0.00354497
674 0.00354837
675 0.00354695
676 0.00354173
677 0.00353498
678 0.00352754
679 0.00351871
680 0.00350786
681 0.00349582
682 0.00348543
683 0.00348017
684 0.00348174
685 0.00348939
686 0.00349974
687 0.0035078
688 0.00350883
689 0.00349913
690 0.00347729
691 0.00344846
692 0.00341933
693 0.00339676
694 0.00338385
695 0.00338061
696 0.00338623
697 0.00339995
698 0.00342193
699 0.0034497
700 0.00347883
701 0.00350524
702 0.00352675
703 0.00354191
704 0.00354806
705 0.00354488
706 0.00353034
707 0.00350453
708 0.00347138
709 0.00343771
710 0.00340597
711 0.00337862
712 0.00335765
713 0.00334267
714 0.00333118
715 0.00332052
716 0.00331084
717 0.00330648
718 0.0033144
719 0.00334039
720 0.00338007
721 0.00341209
722 0.00341284
723 0.00338122
724 0.00333213
725 0.00328591
726 0.00324281
727 0.0031987
728 0.00315393
729 0.00311369
730 0.00308352
731 0.00306448
732 0.0030553
733 0.0030547
734 0.00305978
735 0.00306828
736 0.00307788
737 0.003086
738 0.0030912
739 0.00309309
740 0.00309231
741 0.00309011
742 0.00308573
743 0.00308175
744 0.0030834
745 0.00308434
746 0.0030725
747 0.00304993
748 0.0030246
749 0.0030038
750 0.00298751
751 0.00297532
752 0.00296693
753 0.00295752
754 0.00293927
755 0.00291664
756 0.00289875
757 0.00289495
758 0.00290403
759 0.00291822
760 0.00293721
761 0.0029568
762 0.00297332
763 0.00298983
764 0.00300613
765 0.00301678
766 0.00301429
767 0.00298161
768 0.00293114
769 0.0028815
770 0.00284807
771 0.0028174
772 0.00278518
773 0.00276778
774 0.00276791
775 0.00277778
776 0.00279347
777 0.00281927
778 0.00285947
779 0.00290887
780 0.00294549
781 0.00295613
782 0.00294772
783 0.00292998
784 0.00290903
785 0.00288573
786 0.00285969
787 0.00283206
788 0.00281219
789 0.00280171
790 0.00277369
791 0.00273501
792 0.00269349
793 0.00265589
794 0.0026175
795 0.00257553
796 0.00253801
797 0.00251313
798 0.00249608
799 0.00247434
